FW:0.051584031
VxLAN:0.051072011
VC:6.76982E-4
VNI:0.016006964
EPG:0.001796647
GBP:0.001294331
PBR:6.3959E-5
update model:0.122621146
reach size:528
property check:0.155822039
total:0.278443185
memory:8MB
