FW:98.580475796
VxLAN:149.52527944
VC:2.162252338
VNI:34.901843338
EPG:0.11773952
GBP:97.45020368
PBR:1.4736E-4
update model:382.738058872
reach size:275000
property check:399.295356744
total:782.033415616
memory:2192MB
