FW:2.498795276
VxLAN:8.295747529
VC:0.017772724
VNI:1.585898077
EPG:0.021008161
GBP:0.537318954
PBR:8.1792E-5
update model:12.956707671
