FW:8.657586816
VxLAN:19.957668784
VC:0.039223536
VNI:6.202834956
EPG:0.076476416
GBP:3.238468572
PBR:3.56484E-4
update model:38.172746956
reach size:110000
property check:72.847548644
total:111.0202956
memory:589MB
