FW:0.363412728
VxLAN:2.277183156
VC:0.003304548
VNI:0.317326088
EPG:0.007551556
GBP:0.00956768
PBR:5.8012E-5
update model:2.97850058
reach size:11000
property check:2.114538336
total:5.093038916
memory:41MB
