FW:0.991450165
VxLAN:5.490585288
VC:0.007952893
VNI:0.737324308
EPG:0.010669562
GBP:0.104578632
PBR:8.4017E-5
update model:7.342763214
reach size:1100
property check:0.556637464
total:7.899400678
memory:109MB
