FW:3.327252625
VxLAN:10.787600715
VC:0.017944371
VNI:10.783107559
EPG:0.003201613
GBP:7.3335E-5
PBR:1.03509E-4
update model:24.933318784
new BDD node: 70129
new NDD node: 3840
reach size:640
property check:0.312511771
total:25.245830555
memory:1628MB
