FW:7.615416249
VxLAN:41.590253022
VC:0.006992252
VNI:45.224051212
EPG:0.003746012
GBP:8.5837E-5
PBR:1.23543E-4
update model:94.467586532
new BDD node: 67513
new NDD node: 3880
reach size:640
property check:0.370771943
total:94.838358475
memory:2231MB
