FW:16.273488512
VxLAN:124.78988996
VC:0.01752645
VNI:93.334261472
EPG:0.00398309
GBP:6.0873E-5
PBR:9.4586E-5
update model:234.455549794
new BDD node: 142000
new NDD node: 5880
reach size:960
property check:0.538259148
total:234.993808942
memory:3406MB
