FW:37.608014766
VxLAN:476.040099276
VC:0.010723592
VNI:739.775129679
EPG:0.004418219
GBP:7.4842E-5
PBR:1.10734E-4
update model:1253.503626481
new BDD node: 70663
new NDD node: 3840
reach size:640
property check:0.463025981
total:1253.966652462
memory:5394MB
