FW:0.485039355
VxLAN:0.535282576
VC:0.052708005
VNI:0.512529841
EPG:0.016073992
GBP:1.11672E-4
PBR:1.27405E-4
update model:1.612319307
new BDD node: 77532
new NDD node: 3880
reach size:640
property check:0.593451565
total:2.205770872
memory:1221MB
