FW:18.03708081
VxLAN:130.815775588
VC:0.008286199
VNI:170.853013109
EPG:0.003286763
GBP:6.5677E-5
PBR:1.12083E-4
update model:319.761009106
new BDD node: 71697
new NDD node: 3840
reach size:640
property check:0.3599527
total:320.120961806
memory:3201MB
