FW:6.472046807
VxLAN:19.244283025
VC:0.012856811
VNI:18.640305743
EPG:0.003115199
GBP:7.9378E-5
PBR:1.23336E-4
update model:44.389671121
reach size:640
property check:0.274696313
total:44.664367434
memory:1832MB
