FW:33.926578961
VxLAN:454.874068923
VC:0.015547764
VNI:727.407179484
EPG:10.911048372
GBP:16.94926149
PBR:1.24658E-4
update model:1244.083896059
new BDD node: 0
new NDD node: 314880
reach size:14784
property check:2.049165153
total:1246.133061212
memory:6149MB
