FW:5.285291211
VxLAN:17.896879102
VC:0.006856639
VNI:17.928755328
EPG:1.013862137
GBP:14.427541968
PBR:3.66052E-4
update model:56.559688563
reach size:14784
property check:2.217511409
total:58.777199972
memory:1897MB
