FW:8.672100005
VxLAN:41.597395053
VC:0.015340521
VNI:43.370915719
EPG:1.523483031
GBP:15.453562886
PBR:1.18933E-4
update model:110.633025727
reach size:14784
property check:1.757304783
total:112.39033051
memory:2302MB
