FW:0.490260438
VxLAN:0.75730155
VC:0.022471743
VNI:0.247218054
EPG:0.065224574
GBP:14.14307618
PBR:1.88961E-4
update model:15.72584096
reach size:14784
property check:1.737046528
total:17.462887488
memory:1278MB
