FW:15.563239502
VxLAN:125.305584381
VC:0.008311787
VNI:159.739178431
EPG:3.390678869
GBP:18.203503634
PBR:1.08036E-4
update model:322.210711972
new BDD node: 0
new NDD node: 314880
reach size:14784
property check:2.242069539
total:324.452781511
memory:3284MB
