FW:3.200376237
VxLAN:9.965765553
VC:0.007655044
VNI:9.170428361
EPG:0.5808837
GBP:19.385706941
PBR:3.69526E-4
update model:42.311320699
new BDD node: 0
new NDD node: 314880
reach size:14784
property check:2.419621211
total:44.73094191
memory:1690MB
