FW:6.169965674
VxLAN:24.83185423
VC:0.007914421
VNI:19.574879494
EPG:0.005584069
GBP:9.837E-5
PBR:1.5747E-4
update model:50.590520652
reach size:13860
property check:2.0108422
total:52.601362852
memory:631MB
