FW:1.546878113
VxLAN:3.773054999
VC:0.004243762
VNI:2.298693578
EPG:0.001901624
GBP:1.34861E-4
PBR:3.3713E-5
update model:7.624972286
reach size:11088
property check:1.153113669
total:8.778085955
memory:214MB
