FW:17.666516354
VxLAN:131.243460904
VC:0.008616903
VNI:169.030278212
EPG:3.231681277
GBP:0.670325428
PBR:1.05585E-4
update model:321.851106089
NDD time:6.503117169
NDD node:2602240
BDD node:664
reach size:1222400
property check:9.816806929
total:331.667913018
memory:3839MB
