FW:17.575182872
VxLAN:143.60022328
VC:0.00914136
VNI:183.523933545
EPG:3.071562022
GBP:0.678200198
PBR:9.5113E-5
update model:348.458461417
NDD time:5.249475676
NDD node:2529920
BDD node:664
reach size:1222400
property check:8.760578747
total:357.219040164
memory:3839MB
