FW:16.448461388
VxLAN:124.123529747
VC:0.008936084
VNI:162.218001829
EPG:3.009493741
GBP:0.673514797
PBR:9.629E-5
update model:306.482135173
NDD time:5.522723416
NDD node:2622080
BDD node:664
reach size:1222400
property check:9.033001237
total:315.51513641
memory:3839MB
