FW:17.117457466
VxLAN:141.593320851
VC:0.01888745
VNI:217.408006265
EPG:3.653177462
GBP:0.745216194
PBR:1.30572E-4
update model:380.536321037
NDD time:4.917627547
NDD node:2624640
BDD node:664
reach size:1222400
property check:9.001882995
total:389.538204032
memory:3839MB
