FW:12.015160503
VxLAN:140.286273328
VC:0.00870233
VNI:175.930726498
EPG:2.835667361
GBP:0.663685007
PBR:1.11035E-4
update model:331.740446383
NDD time:6.441127542
NDD node:2454400
BDD node:0
reach size:1222400
property check:9.885836379
total:341.626282762
memory:3839MB
