FW:17.437186399
VxLAN:140.668027846
VC:0.008369173
VNI:183.683239577
EPG:3.135606651
GBP:0.663575053
PBR:9.859E-5
update model:345.596226422
NDD time:3.941907011
NDD node:2551040
BDD node:664
reach size:1222400
property check:7.178251374
total:352.774477796
memory:3839MB
