FW:17.895517371
VxLAN:141.691586233
VC:0.009184309
VNI:183.386833299
EPG:3.729845815
GBP:0.955870737
PBR:1.14685E-4
update model:347.669099285
NDD time:4.356912126
NDD node:2480000
BDD node:0
reach size:1222400
property check:8.281277379
total:355.950376664
memory:3391MB
