FW:18.693791446
VxLAN:139.052341278
VC:0.009360505
VNI:186.176759797
EPG:4.102421439
GBP:0.719208873
PBR:1.08503E-4
update model:348.754119158
NDD time:4.866071731
NDD node:2624640
BDD node:0
reach size:1222400
property check:8.608142856
total:357.362262014
memory:3391MB
