FW:20.070099502
VxLAN:136.100190595
VC:0.009081353
VNI:168.265832811
EPG:3.346248419
GBP:0.674880333
PBR:1.07981E-4
update model:328.466563682
NDD time:3.631795525
NDD node:2436480
BDD node:0
reach size:1222400
property check:7.304149876
total:335.770713558
memory:3391MB
