FW:17.12113705
VxLAN:140.970073148
VC:0.009116189
VNI:188.287732965
EPG:3.15559047
GBP:0.700742808
PBR:9.7719E-5
update model:350.244601908
NDD time:4.95758247
NDD node:2469120
BDD node:0
reach size:1222400
property check:8.29669846
total:358.541300368
memory:3839MB
