FW:18.121214132
VxLAN:143.936182643
VC:0.015360701
VNI:190.462401136
EPG:3.66490078
GBP:0.709461781
PBR:2.3274E-4
update model:356.909891093
NDD time:5.105638278
NDD node:2592640
BDD node:0
reach size:1222400
property check:8.986359501
total:365.896250594
memory:3391MB
