FW:14.256299949
VxLAN:137.367416228
VC:0.008682258
VNI:178.159821167
EPG:2.882133895
GBP:0.683945552
PBR:9.4841E-5
update model:333.358499601
NDD time:6.516433893
NDD node:2474240
BDD node:0
reach size:1222400
property check:10.032630455
total:343.391130056
memory:3839MB
