FW:16.391808195
VxLAN:145.445045817
VC:0.009345641
VNI:196.782744116
EPG:3.813761418
GBP:0.824571545
PBR:1.15599E-4
update model:363.267518057
NDD time:5.270225344
NDD node:2423040
BDD node:0
reach size:1222400
property check:10.816614594
total:374.084132651
memory:3839MB
