FW:16.209501294
VxLAN:131.120551275
VC:0.008427254
VNI:187.267717915
EPG:3.03911455
GBP:0.672765988
PBR:1.00628E-4
update model:338.318304525
NDD time:6.622843246
NDD node:2616960
BDD node:664
reach size:1222400
property check:10.018527917
total:348.336832442
memory:3839MB
