FW:12.920086926
VxLAN:133.103864714
VC:0.009608997
VNI:204.143863877
EPG:5.10676281
GBP:0.793590009
PBR:1.22513E-4
update model:356.078007793
NDD time:5.509033452
NDD node:2640640
BDD node:664
reach size:1222400
property check:9.321014469
total:365.399022262
memory:3839MB
