FW:20.023659749
VxLAN:144.14176446
VC:0.008656728
VNI:187.518713725
EPG:3.779462649
GBP:0.731510796
PBR:1.04948E-4
update model:356.203993625
NDD time:5.635501887
NDD node:2525440
BDD node:0
reach size:1222400
property check:9.474989704
total:365.678983329
memory:3391MB
