FW:18.178094162
VxLAN:143.621503075
VC:0.012168553
VNI:190.490603213
EPG:4.151433826
GBP:0.776822596
PBR:1.32533E-4
update model:357.230897911
NDD time:4.580848611
NDD node:2532480
BDD node:0
reach size:1222400
property check:8.55656938
total:365.787467291
memory:3391MB
