FW:18.238328642
VxLAN:149.997912082
VC:0.009495124
VNI:196.857187053
EPG:3.691265828
GBP:0.692620458
PBR:1.05669E-4
update model:369.487046864
NDD time:5.220699959
NDD node:2617600
BDD node:0
reach size:1222400
property check:8.576244434
total:378.063291298
memory:3391MB
