FW:19.267130718
VxLAN:151.84846982
VC:0.029341859
VNI:193.420597522
EPG:3.830130772
GBP:0.726269099
PBR:1.01498E-4
update model:369.122168023
NDD time:3.874167573
NDD node:2501760
BDD node:0
reach size:1222400
property check:7.17427051
total:376.296438533
memory:3391MB
