FW:17.433217012
VxLAN:141.219335116
VC:0.008648841
VNI:181.373642744
EPG:3.543086846
GBP:0.663402037
PBR:9.5447E-5
update model:344.241580506
NDD time:5.467004307
NDD node:2649600
BDD node:0
reach size:1222400
property check:8.583359244
total:352.82493975
memory:3391MB
