FW:14.63886378
VxLAN:133.849745463
VC:0.008450163
VNI:179.812541866
EPG:2.668767274
GBP:0.642475395
PBR:1.12154E-4
update model:331.621069227
NDD time:6.683216958
NDD node:2481280
BDD node:664
reach size:1222400
property check:10.171889679
total:341.792958906
memory:3839MB
