FW:18.088019172
VxLAN:133.19270846
VC:0.008362537
VNI:183.947849942
EPG:4.140732085
GBP:1.127026049
PBR:1.13035E-4
update model:340.504944196
NDD time:4.518176437
NDD node:2511360
BDD node:0
reach size:1222400
property check:8.670871867
total:349.175816063
memory:3391MB
