FW:15.665459322
VxLAN:128.015694896
VC:0.009716476
VNI:164.573961119
EPG:3.076737855
GBP:0.683780804
PBR:9.8409E-5
update model:312.025559582
NDD time:4.007310002
NDD node:2399360
BDD node:0
reach size:1222400
property check:7.619458566
total:319.645018148
memory:3839MB
