FW:17.137964993
VxLAN:136.122860224
VC:0.00893098
VNI:178.425114094
EPG:3.636336938
GBP:0.686726571
PBR:9.5726E-5
update model:336.018151685
NDD time:5.253988041
NDD node:2631040
BDD node:0
reach size:1222400
property check:8.536087957
total:344.554239642
memory:3391MB
