FW:17.173671096
VxLAN:136.340990211
VC:0.009360461
VNI:175.583328932
EPG:3.049622593
GBP:0.618275767
PBR:1.12476E-4
update model:332.775465658
NDD time:6.270991808
NDD node:2396800
BDD node:0
reach size:1222400
property check:9.48069205
total:342.256157708
memory:3839MB
