FW:17.469895141
VxLAN:144.594727486
VC:0.009341839
VNI:189.550385752
EPG:3.056840208
GBP:0.663002972
PBR:1.10768E-4
update model:355.344428515
NDD time:6.015904619
NDD node:2622080
BDD node:664
reach size:1222400
property check:9.897322886
total:365.241751401
memory:3839MB
