FW:3.929597622
VxLAN:11.007859281
VC:0.008763
VNI:10.123710768
EPG:0.581791361
GBP:0.613353898
PBR:1.18489E-4
update model:26.265311088
NDD time:2.190666177
reach size:244480
property check:3.122226005
total:29.387537093
memory:1669MB
