FW:17.559388137
VxLAN:141.19072214
VC:0.008820119
VNI:183.145438809
EPG:2.952219826
GBP:0.701837826
PBR:9.4187E-5
update model:345.558634043
NDD time:4.108241945
NDD node:2551040
BDD node:664
reach size:1222400
property check:7.813274071
total:353.371908114
memory:3839MB
