FW:12.469219097
VxLAN:127.07717475
VC:0.009257342
VNI:177.519697248
EPG:2.986594414
GBP:0.769510251
PBR:1.0772E-4
update model:320.831666005
NDD time:5.037650248
NDD node:2568320
BDD node:0
reach size:1222400
property check:8.373186939
total:329.204852944
memory:3839MB
