FW:17.28702593
VxLAN:144.479199613
VC:0.01223871
VNI:192.060632708
EPG:3.388676547
GBP:0.665904757
PBR:9.7586E-5
update model:357.89388899
NDD time:4.400093014
NDD node:2504960
BDD node:664
reach size:1222400
property check:7.979904852
total:365.873793842
memory:3839MB
