FW:19.008711517
VxLAN:143.977270078
VC:0.012240797
VNI:202.626724599
EPG:3.979124815
GBP:0.731511208
PBR:9.7759E-5
update model:370.335839924
NDD time:4.235481769
NDD node:2546560
BDD node:0
reach size:1222400
property check:8.099728117
total:378.435568041
memory:3391MB
