FW:17.75651685
VxLAN:128.205735283
VC:0.013868422
VNI:168.760251259
EPG:3.40792
GBP:0.619135447
PBR:8.9987E-5
update model:318.763624397
NDD time:3.789425463
NDD node:2506240
BDD node:0
reach size:1222400
property check:7.007247765
total:325.770872162
memory:3391MB
