FW:18.9341073
VxLAN:142.516814154
VC:0.019717193
VNI:186.238577633
EPG:3.11421302
GBP:0.735585046
PBR:1.03639E-4
update model:351.559228257
NDD time:3.560763969
NDD node:2419200
BDD node:0
reach size:1222400
property check:8.437464318
total:359.996692575
memory:3839MB
