FW:17.228625123
VxLAN:138.297898222
VC:0.008806192
VNI:172.721147149
EPG:2.809092256
GBP:0.659570189
PBR:1.05116E-4
update model:331.725355319
NDD time:5.542118201
NDD node:2597120
BDD node:664
reach size:1222400
property check:8.789190458
total:340.514545777
memory:3839MB
