FW:18.866329851
VxLAN:144.880665645
VC:0.009039607
VNI:181.563885265
EPG:3.362870644
GBP:0.704561603
PBR:1.00163E-4
update model:349.387565067
NDD time:3.846801699
NDD node:2514560
BDD node:0
reach size:1222400
property check:7.218441298
total:356.606006365
memory:3391MB
