FW:14.086880867
VxLAN:145.933417176
VC:0.009642806
VNI:182.94051448
EPG:3.113179652
GBP:0.693647007
PBR:9.9187E-5
update model:346.777503243
NDD time:4.971864938
NDD node:2425600
BDD node:0
reach size:1222400
property check:8.721849519
total:355.499352762
memory:3839MB
