FW:16.709479303
VxLAN:129.661284429
VC:0.009585979
VNI:173.208737257
EPG:3.439806021
GBP:0.710252561
PBR:1.08358E-4
update model:323.73936648
NDD time:5.279071531
NDD node:2497920
BDD node:664
reach size:1222400
property check:8.852008745
total:332.591375225
memory:3839MB
