FW:19.040558046
VxLAN:133.974356493
VC:0.008507137
VNI:172.318046759
EPG:4.210344051
GBP:0.866867873
PBR:1.20482E-4
update model:330.418910481
NDD time:5.703746714
NDD node:2624640
BDD node:664
reach size:1222400
property check:9.123760364
total:339.542670845
memory:3839MB
