FW:17.946955966
VxLAN:147.627201441
VC:0.035868694
VNI:178.13212126
EPG:4.168030247
GBP:0.733690967
PBR:1.02936E-4
update model:348.64407925
NDD time:4.073919469
NDD node:2578560
BDD node:0
reach size:1222400
property check:7.576812398
total:356.220891648
memory:3391MB
