FW:19.391375898
VxLAN:145.825055856
VC:0.010354259
VNI:192.128332973
EPG:4.422948979
GBP:0.741032107
PBR:1.34758E-4
update model:362.519417062
NDD time:6.182635228
NDD node:2557440
BDD node:0
reach size:1222400
property check:10.562779054
total:373.082196116
memory:3391MB
