FW:19.704133514
VxLAN:131.294104326
VC:0.016496507
VNI:175.408790404
EPG:3.648095064
GBP:0.650430623
PBR:1.25298E-4
update model:330.722324779
NDD time:3.970164771
NDD node:2488320
BDD node:0
reach size:1222400
property check:7.605359896
total:338.327684675
memory:3391MB
