FW:18.271728365
VxLAN:143.921457766
VC:0.008507067
VNI:188.083846694
EPG:4.645907848
GBP:0.698207896
PBR:1.37878E-4
update model:355.62991669
NDD time:6.84569347
NDD node:2557440
BDD node:0
reach size:1222400
property check:11.116844879
total:366.746761569
memory:3391MB
