FW:13.492846745
VxLAN:127.683844342
VC:0.010430195
VNI:182.366766939
EPG:4.894961263
GBP:0.698838018
PBR:1.04433E-4
update model:329.147906828
NDD time:5.170061976
NDD node:2600960
BDD node:664
reach size:1222400
property check:8.569277463
total:337.717184291
memory:3839MB
