FW:19.32936628
VxLAN:146.117791977
VC:0.016931867
VNI:193.336050664
EPG:3.845400699
GBP:0.68824391
PBR:9.1983E-5
update model:363.333993255
NDD time:4.66061181
NDD node:2624640
BDD node:0
reach size:1222400
property check:8.333922024
total:371.667915279
memory:3391MB
