FW:13.716216128
VxLAN:133.419377607
VC:0.009786148
VNI:162.83805546
EPG:3.228757519
GBP:0.765746625
PBR:1.21558E-4
update model:313.978164375
NDD time:6.731517478
NDD node:2469120
BDD node:0
reach size:1222400
property check:10.291619403
total:324.269783778
memory:3839MB
