FW:19.323284021
VxLAN:145.081264255
VC:0.017339128
VNI:187.35340433
EPG:3.786854703
GBP:0.907114388
PBR:1.22646E-4
update model:356.469551952
NDD time:4.345424396
NDD node:2624640
BDD node:0
reach size:1222400
property check:7.89619364
total:364.365745592
memory:3391MB
