FW:16.786246885
VxLAN:129.904713073
VC:0.013380541
VNI:163.950839821
EPG:3.361159745
GBP:0.673958781
PBR:1.07274E-4
update model:314.690536365
NDD time:4.959183172
NDD node:2645120
BDD node:0
reach size:1222400
property check:8.212077608
total:322.902613973
memory:3391MB
