FW:17.917035225
VxLAN:139.589877183
VC:0.009511805
VNI:185.07894636
EPG:3.492900547
GBP:0.661962787
PBR:1.0311E-4
update model:346.750517544
NDD time:3.528781808
NDD node:2390400
BDD node:0
reach size:1222400
property check:8.307148898
total:355.057666442
memory:3839MB
