FW:13.133965102
VxLAN:126.262729582
VC:0.008642332
VNI:171.155899014
EPG:3.328942991
GBP:0.778296651
PBR:1.1023E-4
update model:314.668747162
NDD time:5.894568853
NDD node:2642560
BDD node:0
reach size:1222400
property check:9.739594
total:324.408341162
memory:3839MB
