FW:19.21610985
VxLAN:143.412795266
VC:0.008994125
VNI:206.069893524
EPG:3.819694872
GBP:0.755458983
PBR:9.0857E-5
update model:373.283142383
NDD time:4.684001567
NDD node:2546560
BDD node:664
reach size:1222400
property check:8.364996556
total:381.648138939
memory:3839MB
