FW:19.469728923
VxLAN:127.220027562
VC:0.009225564
VNI:172.606093596
EPG:3.584659779
GBP:0.67022035
PBR:1.04206E-4
update model:323.560178285
NDD time:5.514311182
NDD node:2584960
BDD node:0
reach size:1222400
property check:9.151469589
total:332.711647874
memory:3391MB
