FW:12.865642501
VxLAN:129.122467935
VC:0.00825471
VNI:187.026535027
EPG:3.203556799
GBP:0.722598007
PBR:1.09586E-4
update model:332.94926833
NDD time:5.187706777
NDD node:2423680
BDD node:664
reach size:1222400
property check:8.927098174
total:341.876366504
memory:3839MB
