FW:19.288121601
VxLAN:137.501598619
VC:0.010098439
VNI:193.013698119
EPG:3.613942887
GBP:0.684735533
PBR:9.5345E-5
update model:354.112402412
NDD time:4.487226557
NDD node:2625920
BDD node:0
reach size:1222400
property check:8.107922281
total:362.220324693
memory:3391MB
