FW:18.886889739
VxLAN:143.635554185
VC:0.008846455
VNI:201.979267844
EPG:3.801490994
GBP:0.689183025
PBR:1.04924E-4
update model:369.00144703
NDD time:3.813455342
NDD node:2469760
BDD node:664
reach size:1222400
property check:7.28920831
total:376.29065534
memory:3839MB
