FW:20.713387853
VxLAN:146.249400681
VC:0.008501225
VNI:206.677251507
EPG:3.383317981
GBP:0.742776186
PBR:9.8926E-5
update model:377.77484814
NDD time:5.64636232
NDD node:2454400
BDD node:0
reach size:1222400
property check:9.122463913
total:386.897312053
memory:3839MB
