FW:19.103563507
VxLAN:138.717142641
VC:0.008699034
VNI:190.609344606
EPG:2.738209651
GBP:0.649247385
PBR:1.12109E-4
update model:351.826452959
NDD time:4.612596553
NDD node:2520320
BDD node:664
reach size:1222400
property check:7.913179001
total:359.73963196
memory:3839MB
