FW:16.699351537
VxLAN:132.162733142
VC:0.011552676
VNI:181.954787881
EPG:3.159450605
GBP:0.783571523
PBR:1.35996E-4
update model:334.771732514
NDD time:5.733220909
NDD node:2669440
BDD node:664
reach size:1222400
property check:9.153512195
total:343.925244709
memory:3839MB
