FW:18.121455204
VxLAN:144.103794877
VC:0.010060933
VNI:199.124558759
EPG:3.61401438
GBP:0.655255592
PBR:9.5536E-5
update model:365.629351049
NDD time:5.579399032
NDD node:2649600
BDD node:0
reach size:1222400
property check:8.987329114
total:374.616680163
memory:3391MB
