FW:16.801389546
VxLAN:132.340385716
VC:0.008761365
VNI:179.046776547
EPG:4.375283604
GBP:0.730733796
PBR:9.6475E-5
update model:333.303522911
NDD time:5.105877555
NDD node:2572800
BDD node:664
reach size:1222400
property check:8.508755527
total:341.812278438
memory:3839MB
