FW:17.33427922
VxLAN:131.186237746
VC:0.016119317
VNI:176.286431817
EPG:3.368428132
GBP:0.898715074
PBR:1.19729E-4
update model:329.090480589
NDD time:5.730215961
NDD node:2616960
BDD node:664
reach size:1222400
property check:9.406829398
total:338.497309987
memory:3839MB
