FW:18.189455327
VxLAN:142.808053634
VC:0.017782263
VNI:183.273758332
EPG:3.437390897
GBP:0.634810006
PBR:9.4181E-5
update model:348.361466011
NDD time:5.126845576
NDD node:2617600
BDD node:0
reach size:1222400
property check:8.439442949
total:356.80090896
memory:3391MB
