FW:17.362976611
VxLAN:141.98818901
VC:0.009754632
VNI:185.629877878
EPG:3.120592718
GBP:0.677379557
PBR:9.0234E-5
update model:348.788958831
NDD time:5.105515714
NDD node:2541440
BDD node:0
reach size:1222400
property check:8.719578807
total:357.508537638
memory:3839MB
