FW:12.255914001
VxLAN:134.257243953
VC:0.008720427
VNI:185.047254038
EPG:2.938256353
GBP:0.702293957
PBR:8.8549E-5
update model:335.209863298
NDD time:5.523582138
NDD node:2640640
BDD node:664
reach size:1222400
property check:8.72758663
total:343.937449928
memory:3839MB
