FW:18.256856916
VxLAN:140.844469055
VC:0.01819822
VNI:180.084547609
EPG:3.930213745
GBP:0.916038317
PBR:1.04208E-4
update model:344.050565907
NDD time:6.268322729
NDD node:2617600
BDD node:0
reach size:1222400
property check:10.065495207
total:354.116061114
memory:3391MB
