FW:16.294306495
VxLAN:128.604514692
VC:0.009709589
VNI:173.339313054
EPG:3.521835936
GBP:0.638826333
PBR:1.4131E-4
update model:322.408823754
NDD time:3.916891459
NDD node:2514560
BDD node:0
reach size:1222400
property check:7.337197241
total:329.746020995
memory:3391MB
