FW:19.016361775
VxLAN:143.989825411
VC:0.019307284
VNI:179.706418376
EPG:4.05084123
GBP:0.668000609
PBR:1.03342E-4
update model:347.450971166
NDD time:3.767578854
NDD node:2592640
BDD node:0
reach size:1222400
property check:7.090130892
total:354.541102058
memory:3391MB
