FW:16.36175839
VxLAN:138.876722301
VC:0.008825967
VNI:176.974023275
EPG:4.294771406
GBP:0.682033096
PBR:1.04469E-4
update model:337.198343714
NDD time:4.359708431
NDD node:2472960
BDD node:664
reach size:1222400
property check:7.966656924
total:345.165000638
memory:3839MB
