FW:17.097479498
VxLAN:147.069192723
VC:0.009844508
VNI:192.559187975
EPG:4.713463383
GBP:0.684400131
PBR:9.8438E-5
update model:362.1337773
NDD time:4.078091647
NDD node:2500480
BDD node:664
reach size:1222400
property check:7.653700577
total:369.787477877
memory:3839MB
