FW:20.256455164
VxLAN:145.763427175
VC:0.008837376
VNI:185.320841411
EPG:3.010334851
GBP:0.629936173
PBR:9.3873E-5
update model:354.990031633
NDD time:6.636768514
NDD node:2572800
BDD node:664
reach size:1222400
property check:10.22156869
total:365.211600323
memory:3839MB
