FW:14.256864998
VxLAN:139.702492077
VC:0.00888961
VNI:190.438542411
EPG:3.241287125
GBP:0.775355588
PBR:1.2387E-4
update model:348.423682486
NDD time:7.418347562
NDD node:2473600
BDD node:0
reach size:1222400
property check:11.373339022
total:359.797021508
memory:3839MB
