FW:17.438595332
VxLAN:135.213222054
VC:0.008622685
VNI:183.732703882
EPG:3.134755922
GBP:0.679045786
PBR:8.84E-5
update model:340.207143702
NDD time:6.058173462
NDD node:2594560
BDD node:664
reach size:1222400
property check:9.907696416
total:350.114840118
memory:3839MB
