FW:0.232472181
VxLAN:0.320227138
VC:0.005150122
VNI:0.148208093
EPG:0.033446831
GBP:0.288905585
PBR:1.12039E-4
update model:1.028646142
reach size:9240
property check:2.706043682
total:3.734689824
memory:1207MB
