FW:17.370669716
VxLAN:144.910878197
VC:0.008255879
VNI:186.622045321
EPG:3.545138266
GBP:0.667565609
PBR:9.9902E-5
update model:353.124771446
NDD time:5.147835396
NDD node:2617600
BDD node:0
reach size:1222400
property check:8.457599089
total:361.582370535
memory:3391MB
