FW:13.173427586
VxLAN:147.786245698
VC:0.009943531
VNI:189.837745999
EPG:3.152332016
GBP:2.531336746
PBR:1.20184E-4
update model:356.491261342
NDD time:5.297387371
NDD node:2572800
BDD node:664
reach size:1222400
property check:8.627602455
total:365.118863797
memory:3839MB
