FW:17.309597586
VxLAN:138.066517412
VC:0.012103464
VNI:188.542687179
EPG:5.13209295
GBP:0.732027352
PBR:1.22823E-4
update model:349.795275599
NDD time:4.142338372
NDD node:2442880
BDD node:0
reach size:1222400
property check:8.163596584
total:357.958872183
memory:3839MB
