FW:16.339492611
VxLAN:133.294109245
VC:0.008750172
VNI:173.729279277
EPG:3.315203882
GBP:0.700526011
PBR:1.11529E-4
update model:327.387583362
NDD time:3.72815614
NDD node:2542720
BDD node:664
reach size:1222400
property check:7.003813295
total:334.391396657
memory:3839MB
