FW:12.424844179
VxLAN:146.252248146
VC:0.009879632
VNI:201.73615716
EPG:3.014558157
GBP:0.809781584
PBR:9.573E-5
update model:364.247671328
NDD time:5.246962434
NDD node:2541440
BDD node:0
reach size:1222400
property check:10.246568466
total:374.494239794
memory:3839MB
