FW:16.21388474
VxLAN:137.166293379
VC:0.009642872
VNI:176.452147966
EPG:3.606249556
GBP:0.652231308
PBR:9.5651E-5
update model:334.100658205
NDD time:4.361450451
NDD node:2624640
BDD node:0
reach size:1222400
property check:7.905488913
total:342.006147118
memory:3391MB
