FW:18.173514349
VxLAN:139.855679652
VC:0.013115675
VNI:178.75748982
EPG:3.561519464
GBP:0.642467638
PBR:1.01923E-4
update model:341.004004977
NDD time:5.260603306
NDD node:2617600
BDD node:0
reach size:1222400
property check:8.814082847
total:349.818087824
memory:3391MB
