FW:18.924365245
VxLAN:133.725794818
VC:0.010565811
VNI:183.031032644
EPG:3.593388596
GBP:0.749056599
PBR:2.46074E-4
update model:340.03457036
NDD time:5.91631504
NDD node:2643200
BDD node:664
reach size:1222400
property check:10.069819827
total:350.104390187
memory:3839MB
