FW:18.418045489
VxLAN:127.746354656
VC:0.009456362
VNI:170.61075097
EPG:3.33719129
GBP:0.819845155
PBR:1.27322E-4
update model:320.94191756
NDD time:4.042009298
NDD node:2593920
BDD node:0
reach size:1222400
property check:7.661094535
total:328.603012095
memory:3391MB
