FW:16.441228666
VxLAN:131.473373937
VC:0.010029468
VNI:183.994659088
EPG:3.271359676
GBP:0.75687299
PBR:9.8367E-5
update model:335.947722879
NDD time:5.648052309
NDD node:2556160
BDD node:664
reach size:1222400
property check:9.284650745
total:345.232373624
memory:3839MB
