FW:17.060832759
VxLAN:139.241546696
VC:0.008412494
VNI:190.005381646
EPG:3.244998359
GBP:0.737410915
PBR:1.28816E-4
update model:350.298824927
NDD time:3.922775529
NDD node:2472960
BDD node:664
reach size:1222400
property check:7.630136175
total:357.928961102
memory:3839MB
