FW:17.835395591
VxLAN:144.032945135
VC:0.009861753
VNI:182.484826774
EPG:3.513744061
GBP:0.687571958
PBR:1.02522E-4
update model:348.564563857
NDD time:4.503613835
NDD node:2625920
BDD node:0
reach size:1222400
property check:8.004049531
total:356.568613388
memory:3391MB
