FW:16.073694203
VxLAN:131.960069657
VC:0.013082681
VNI:185.931224794
EPG:3.072246309
GBP:0.708380071
PBR:1.03819E-4
update model:337.758931045
NDD time:5.222580946
NDD node:2399360
BDD node:0
reach size:1222400
property check:8.707845631
total:346.466776676
memory:3839MB
