FW:17.300905488
VxLAN:129.307844615
VC:0.008147214
VNI:173.030918675
EPG:3.51392759
GBP:0.678982018
PBR:9.672E-5
update model:323.840947061
NDD time:4.940190568
NDD node:2544000
BDD node:0
reach size:1222400
property check:8.266770911
total:332.107717972
memory:3391MB
