FW:19.476794672
VxLAN:134.972665645
VC:0.007598872
VNI:167.83955763
EPG:3.458140197
GBP:0.627620671
PBR:1.41884E-4
update model:326.382636108
NDD time:3.794595677
NDD node:2546560
BDD node:0
reach size:1222400
property check:7.114047538
total:333.496683646
memory:3391MB
