FW:16.698079373
VxLAN:132.932222164
VC:0.015928519
VNI:179.361817178
EPG:3.875372025
GBP:0.698926027
PBR:1.02962E-4
update model:333.582583653
NDD time:4.004933898
NDD node:2465280
BDD node:0
reach size:1222400
property check:7.754371233
total:341.336954886
memory:3391MB
