FW:12.282351087
VxLAN:137.905108487
VC:0.008525925
VNI:182.770927184
EPG:2.805219258
GBP:0.657868393
PBR:9.5362E-5
update model:336.430204035
NDD time:5.291006039
NDD node:2545920
BDD node:0
reach size:1222400
property check:8.805640789
total:345.235844824
memory:3839MB
