FW:18.760490434
VxLAN:136.325971142
VC:0.016171946
VNI:174.604234689
EPG:3.14061932
GBP:0.68148483
PBR:9.365E-5
update model:333.529184711
NDD time:5.599746123
NDD node:2602240
BDD node:664
reach size:1222400
property check:9.244358504
total:342.773543215
memory:3839MB
