FW:13.3733988
VxLAN:145.186075979
VC:0.010362787
VNI:195.269461821
EPG:4.368145367
GBP:0.763472304
PBR:9.9865E-5
update model:358.971128306
NDD time:5.455245413
NDD node:2401920
BDD node:0
reach size:1222400
property check:9.213056955
total:368.184185261
memory:3839MB
