FW:18.307711755
VxLAN:139.400451159
VC:0.009390313
VNI:186.034749792
EPG:3.51400686
GBP:0.687601326
PBR:1.04102E-4
update model:347.954139189
NDD time:4.531801376
NDD node:2624640
BDD node:0
reach size:1222400
property check:7.912466328
total:355.866605517
memory:3391MB
