FW:19.459087641
VxLAN:142.666847895
VC:0.010198535
VNI:177.9393462
EPG:3.290307415
GBP:0.680001868
PBR:9.5234E-5
update model:344.045987306
NDD time:3.428399722
NDD node:2373120
BDD node:0
reach size:1222400
property check:6.828639228
total:350.874626534
memory:3839MB
