FW:18.273812426
VxLAN:140.163606775
VC:0.008919962
VNI:178.307997928
EPG:3.241048081
GBP:0.673046242
PBR:1.0851E-4
update model:340.668663106
NDD time:3.622761355
NDD node:2456320
BDD node:0
reach size:1222400
property check:6.96601561
total:347.634678716
memory:3391MB
