FW:15.947422249
VxLAN:133.305564072
VC:0.008398714
VNI:177.82271151
EPG:3.133938298
GBP:0.6923192
PBR:9.7519E-5
update model:330.910577097
NDD time:5.564017418
NDD node:2598400
BDD node:664
reach size:1222400
property check:8.873518102
total:339.784095199
memory:3839MB
