FW:18.723001356
VxLAN:141.050395137
VC:0.009387213
VNI:185.45329211
EPG:3.014241549
GBP:0.640977734
PBR:9.7071E-5
update model:348.891505943
NDD time:4.997524518
NDD node:2576000
BDD node:664
reach size:1222400
property check:9.770116599
total:358.661622542
memory:3839MB
