FW:17.390885987
VxLAN:136.413819452
VC:0.011915553
VNI:177.838589868
EPG:3.489424681
GBP:0.650716476
PBR:9.2809E-5
update model:335.795558857
NDD time:5.231601922
NDD node:2603520
BDD node:0
reach size:1222400
property check:8.509839524
total:344.305398381
memory:3391MB
