FW:17.934462099
VxLAN:146.244756508
VC:0.008719754
VNI:209.860537551
EPG:5.070708226
GBP:0.742340268
PBR:1.03516E-4
update model:379.861738075
NDD time:4.484393801
NDD node:2504960
BDD node:664
reach size:1222400
property check:8.055922805
total:387.91766088
memory:3839MB
