FW:17.169652029
VxLAN:134.279131272
VC:0.009197142
VNI:177.903929182
EPG:3.891230867
GBP:0.776479082
PBR:1.24731E-4
update model:334.029867724
NDD time:4.395236353
NDD node:2506240
BDD node:0
reach size:1222400
property check:8.450492797
total:342.480360521
memory:3391MB
