FW:18.632032536
VxLAN:140.360616926
VC:0.009056407
VNI:185.679250796
EPG:3.390760284
GBP:0.691903261
PBR:9.5246E-5
update model:348.763829516
NDD time:3.918708145
NDD node:2528640
BDD node:0
reach size:1222400
property check:7.551619861
total:356.315449377
memory:3391MB
