FW:18.35471628
VxLAN:146.835876118
VC:0.009425124
VNI:199.931557703
EPG:4.206770552
GBP:0.736689074
PBR:1.0703E-4
update model:370.075275777
NDD time:3.983686331
NDD node:2436480
BDD node:0
reach size:1222400
property check:7.734834377
total:377.810110154
memory:3391MB
