FW:19.216813775
VxLAN:129.203221163
VC:0.009248057
VNI:187.202256406
EPG:3.719650691
GBP:0.762896357
PBR:9.8587E-5
update model:340.114294146
NDD time:6.563330483
NDD node:2556160
BDD node:664
reach size:1222400
property check:10.379978875
total:350.494273021
memory:3839MB
