FW:17.235995903
VxLAN:129.072622423
VC:0.008171359
VNI:171.170908984
EPG:3.871249488
GBP:0.746622047
PBR:2.42544E-4
update model:322.105972697
NDD time:4.624697936
NDD node:2598400
BDD node:0
reach size:1222400
property check:8.305151772
total:330.411124469
memory:3391MB
