FW:16.407289205
VxLAN:139.587070976
VC:0.011869205
VNI:177.28592954
EPG:3.503779364
GBP:0.711325306
PBR:1.02609E-4
update model:337.507518298
NDD time:4.213659366
NDD node:2560640
BDD node:0
reach size:1222400
property check:7.627571427
total:345.135089725
memory:3391MB
