FW:18.732001229
VxLAN:132.174749687
VC:0.008466291
VNI:173.338820192
EPG:3.569866415
GBP:0.680154494
PBR:1.07838E-4
update model:328.504282851
NDD time:4.262146834
NDD node:2579840
BDD node:0
reach size:1222400
property check:7.974509231
total:336.478792082
memory:3391MB
