FW:18.264427204
VxLAN:132.104182532
VC:0.010302655
VNI:174.493706618
EPG:3.736495576
GBP:0.756176556
PBR:1.10749E-4
update model:329.365522934
NDD time:5.649055556
NDD node:2607360
BDD node:0
reach size:1222400
property check:9.308095814
total:338.673618748
memory:3391MB
