FW:17.653672445
VxLAN:127.309488163
VC:0.00852105
VNI:178.388474343
EPG:3.04626501
GBP:0.850665611
PBR:9.9705E-5
update model:327.257303243
NDD time:5.634741072
NDD node:2693120
BDD node:664
reach size:1222400
property check:9.294368296
total:336.551671539
memory:3839MB
