FW:21.124063341
VxLAN:142.675898111
VC:0.008942611
VNI:177.839099949
EPG:3.692729889
GBP:0.662184144
PBR:8.6296E-5
update model:346.003109539
NDD time:3.801060753
NDD node:2512000
BDD node:0
reach size:1222400
property check:7.072236633
total:353.075346172
memory:3391MB
