FW:17.88277321
VxLAN:143.548730389
VC:0.015386187
VNI:173.500317628
EPG:3.147101455
GBP:0.627715166
PBR:9.5486E-5
update model:338.722241499
NDD time:3.629473235
NDD node:2500480
BDD node:0
reach size:1222400
property check:6.807789137
total:345.530030636
memory:3391MB
