FW:18.290828719
VxLAN:142.641522233
VC:0.008563834
VNI:181.890764253
EPG:3.426595156
GBP:0.67355929
PBR:1.00615E-4
update model:346.932049592
NDD time:4.094137535
NDD node:2598400
BDD node:0
reach size:1222400
property check:7.389199779
total:354.321249371
memory:3391MB
