FW:13.090273302
VxLAN:141.926229401
VC:0.00993338
VNI:195.397218148
EPG:3.09015404
GBP:0.725477602
PBR:9.7688E-5
update model:354.239498082
NDD time:6.252509542
NDD node:2620800
BDD node:664
reach size:1222400
property check:10.337071632
total:364.576569714
memory:3839MB
