FW:19.832555251
VxLAN:143.483673922
VC:0.009359594
VNI:194.56827558
EPG:3.03517884
GBP:0.637749917
PBR:1.02326E-4
update model:361.567020607
NDD time:3.982993785
NDD node:2506240
BDD node:664
reach size:1222400
property check:8.784468362
total:370.351488969
memory:3839MB
