FW:17.753119977
VxLAN:151.40118047
VC:0.016971853
VNI:185.15076722
EPG:3.561986663
GBP:0.675400221
PBR:9.72E-5
update model:358.559629587
NDD time:4.799660078
NDD node:2451840
BDD node:0
reach size:1222400
property check:8.30247159
total:366.862101177
memory:3391MB
