FW:17.557050358
VxLAN:140.06089305
VC:0.01017106
VNI:196.008384712
EPG:3.42165054
GBP:0.701293839
PBR:1.00247E-4
update model:357.759633943
NDD time:5.085399592
NDD node:2396800
BDD node:0
reach size:1222400
property check:8.629361618
total:366.388995561
memory:3839MB
