FW:16.310451726
VxLAN:134.894546138
VC:0.014777008
VNI:171.956368623
EPG:3.415941909
GBP:0.634352736
PBR:9.3775E-5
update model:327.226644722
NDD time:3.832901054
NDD node:2468480
BDD node:0
reach size:1222400
property check:7.166172735
total:334.392817457
memory:3391MB
