FW:17.680438277
VxLAN:144.255948678
VC:0.009292515
VNI:185.419233866
EPG:3.045601304
GBP:0.706389691
PBR:9.0716E-5
update model:351.117100972
NDD time:6.918732917
NDD node:2666880
BDD node:664
reach size:1222400
property check:10.164300158
total:361.28140113
memory:3839MB
