FW:17.085656202
VxLAN:141.900788226
VC:0.010489306
VNI:178.655014998
EPG:3.524648835
GBP:0.688548104
PBR:9.7464E-5
update model:341.865358459
NDD time:5.374249261
NDD node:2677120
BDD node:0
reach size:1222400
property check:8.814620496
total:350.679978955
memory:3391MB
