FW:18.323474538
VxLAN:137.17190474
VC:0.009631092
VNI:182.510002929
EPG:3.255622641
GBP:0.78993004
PBR:1.16382E-4
update model:342.060813158
NDD time:4.466619591
NDD node:2578560
BDD node:664
reach size:1222400
property check:8.193803645
total:350.254616803
memory:3839MB
