FW:18.567241033
VxLAN:137.676871735
VC:0.008851071
VNI:168.920151082
EPG:3.333394907
GBP:0.654014421
PBR:1.0838E-4
update model:329.160745922
NDD time:5.02855242
NDD node:2585600
BDD node:0
reach size:1222400
property check:8.280062026
total:337.440807948
memory:3391MB
