FW:18.874038842
VxLAN:139.11312907
VC:0.008493275
VNI:186.142939299
EPG:4.028522303
GBP:0.751320705
PBR:1.21154E-4
update model:348.918693118
NDD time:5.711035497
NDD node:2493440
BDD node:0
reach size:1222400
property check:9.384276568
total:358.302969686
memory:3391MB
