FW:18.956507721
VxLAN:145.324156491
VC:0.009035754
VNI:191.169443342
EPG:4.875857017
GBP:0.697693029
PBR:9.5308E-5
update model:361.032895152
NDD time:4.029446318
NDD node:2514560
BDD node:0
reach size:1222400
property check:7.747716661
total:368.780611813
memory:3391MB
