FW:19.020963778
VxLAN:134.767368135
VC:0.008619795
VNI:171.240333994
EPG:3.286434901
GBP:0.800186942
PBR:1.29802E-4
update model:329.12419367
NDD time:5.546099842
NDD node:2440960
BDD node:664
reach size:1222400
property check:9.415845417
total:338.540039087
memory:3839MB
