FW:19.29699354
VxLAN:143.548954239
VC:0.009526062
VNI:202.504026277
EPG:3.618675116
GBP:0.815986825
PBR:1.41658E-4
update model:369.794438572
NDD time:5.843599144
NDD node:2599040
BDD node:664
reach size:1222400
property check:11.272380233
total:381.066818805
memory:3839MB
