FW:18.053328636
VxLAN:132.25813352
VC:0.010280892
VNI:173.933104019
EPG:3.534519427
GBP:0.640923186
PBR:1.10818E-4
update model:328.430529848
NDD time:3.792829095
NDD node:2410240
BDD node:0
reach size:1222400
property check:7.437713939
total:335.868243787
memory:3391MB
