FW:16.993795016
VxLAN:136.794442064
VC:0.009101705
VNI:185.729665294
EPG:3.518270682
GBP:0.659169721
PBR:1.23873E-4
update model:343.704699571
NDD time:4.153885284
NDD node:2532480
BDD node:0
reach size:1222400
property check:7.435472099
total:351.14017167
memory:3391MB
