FW:16.770539135
VxLAN:134.817497455
VC:0.008319105
VNI:178.431000642
EPG:3.881718164
GBP:0.700990165
PBR:1.05732E-4
update model:334.610294584
NDD time:4.139143043
NDD node:2561920
BDD node:0
reach size:1222400
property check:7.84330341
total:342.453597994
memory:3391MB
