FW:18.213655552
VxLAN:142.740028189
VC:0.009432993
VNI:192.655783629
EPG:3.775274458
GBP:0.758662379
PBR:1.2186E-4
update model:358.153086405
NDD time:4.230142925
NDD node:2624640
BDD node:0
reach size:1222400
property check:7.762430456
total:365.915516861
memory:3391MB
