FW:20.280305222
VxLAN:144.750680208
VC:0.008219859
VNI:179.425570697
EPG:3.630694105
GBP:0.641884779
PBR:9.5694E-5
update model:348.737594148
NDD time:5.608844323
NDD node:2548480
BDD node:0
reach size:1222400
property check:9.404326158
total:358.141920306
memory:3391MB
