FW:17.226803765
VxLAN:146.161120095
VC:0.019140646
VNI:192.466187134
EPG:3.380365716
GBP:0.676051944
PBR:1.0163E-4
update model:359.929888642
NDD time:4.959447702
NDD node:2535040
BDD node:0
reach size:1222400
property check:8.248336688
total:368.17822533
memory:3391MB
