FW:13.036988064
VxLAN:129.5399966
VC:0.009226923
VNI:176.113217762
EPG:2.838432604
GBP:0.596315824
PBR:1.02107E-4
update model:322.134394406
NDD time:4.955822471
NDD node:2499840
BDD node:0
reach size:1222400
property check:10.181776758
total:332.316171164
memory:3839MB
