FW:18.165810551
VxLAN:150.222738921
VC:0.012744127
VNI:185.126925822
EPG:3.633120886
GBP:0.696778472
PBR:9.5311E-5
update model:357.858336433
NDD time:5.247530513
NDD node:2539520
BDD node:0
reach size:1222400
property check:8.72278992
total:366.581126353
memory:3391MB
