FW:18.400233238
VxLAN:145.759506545
VC:0.008423059
VNI:188.049425946
EPG:4.049128918
GBP:0.723525076
PBR:1.0383E-4
update model:356.9904797
NDD time:6.033739034
NDD node:2585600
BDD node:0
reach size:1222400
property check:9.933416098
total:366.923895798
memory:3391MB
