FW:13.090099922
VxLAN:131.812841291
VC:0.008405337
VNI:175.006434684
EPG:2.759870473
GBP:0.688552512
PBR:1.01698E-4
update model:323.366481283
NDD time:5.536376181
NDD node:2618880
BDD node:0
reach size:1222400
property check:9.087778072
total:332.454259355
memory:3839MB
