FW:17.124491285
VxLAN:129.933357687
VC:0.020422455
VNI:178.714187332
EPG:3.447825937
GBP:0.724033593
PBR:1.08981E-4
update model:329.964539031
NDD time:3.914771389
NDD node:2482560
BDD node:0
reach size:1222400
property check:7.54393459
total:337.508473621
memory:3391MB
