FW:19.877098594
VxLAN:146.249437089
VC:0.015742287
VNI:196.995721678
EPG:3.491795534
GBP:0.64751354
PBR:1.0515E-4
update model:367.277518781
NDD time:4.834888465
NDD node:2428160
BDD node:0
reach size:1222400
property check:8.584110671
total:375.861629452
memory:3391MB
