FW:2.760705561
VxLAN:6.906863804
VC:0.004030348
VNI:4.281682714
EPG:0.425948427
GBP:0.222239673
PBR:9.7956E-5
update model:14.601683076
reach size:184800
property check:1.855958732
total:16.457641808
memory:1480MB
