FW:18.139580705
VxLAN:138.800007003
VC:0.008723967
VNI:185.018104537
EPG:3.027366629
GBP:0.659460575
PBR:9.7391E-5
update model:345.653448769
NDD time:3.931879927
NDD node:2390400
BDD node:0
reach size:1222400
property check:7.546008724
total:353.199457493
memory:3839MB
