FW:16.988846465
VxLAN:140.896909237
VC:0.009623206
VNI:178.114047971
EPG:3.457847867
GBP:0.679627142
PBR:9.8023E-5
update model:340.147112241
NDD time:3.747968673
NDD node:2468480
BDD node:0
reach size:1222400
property check:7.12774974
total:347.274861981
memory:3391MB
