FW:20.076981985
VxLAN:134.602806642
VC:0.008885292
VNI:183.998660297
EPG:3.467422686
GBP:0.832648457
PBR:1.40363E-4
update model:342.987672395
NDD time:3.420045443
NDD node:2373120
BDD node:0
reach size:1222400
property check:8.413690721
total:351.401363116
memory:3839MB
