FW:12.744318039
VxLAN:133.91330539
VC:0.009412406
VNI:191.260063967
EPG:3.109842962
GBP:0.702520041
PBR:9.3042E-5
update model:341.739672837
NDD time:5.035621907
NDD node:2522240
BDD node:0
reach size:1222400
property check:8.633325247
total:350.372998084
memory:3839MB
