FW:16.666872833
VxLAN:128.610239394
VC:0.011441825
VNI:179.682967119
EPG:3.143055093
GBP:0.755057126
PBR:9.6597E-5
update model:328.869828383
NDD time:5.751747817
NDD node:2666880
BDD node:664
reach size:1222400
property check:9.228695419
total:338.098523802
memory:3839MB
