FW:17.763989629
VxLAN:135.07007568
VC:0.011224657
VNI:169.362264808
EPG:3.507628209
GBP:0.629623394
PBR:1.09255E-4
update model:326.345036381
NDD time:3.849735551
NDD node:2528640
BDD node:0
reach size:1222400
property check:7.47446185
total:333.819498231
memory:3391MB
