FW:16.23272001
VxLAN:132.591050072
VC:0.00893222
VNI:176.48991655
EPG:3.13339737
GBP:0.628489083
PBR:1.00657E-4
update model:329.084720539
NDD time:6.944360828
NDD node:2693120
BDD node:664
reach size:1222400
property check:10.466470205
total:339.551190744
memory:3839MB
