FW:17.819368802
VxLAN:142.080420896
VC:0.009900359
VNI:201.433333172
EPG:4.909093842
GBP:0.688453865
PBR:9.9578E-5
update model:366.940779122
NDD time:5.874779623
NDD node:2469120
BDD node:0
reach size:1222400
property check:10.289662137
total:377.230441259
memory:3839MB
