FW:17.258664742
VxLAN:133.293717516
VC:0.009246378
VNI:168.086165323
EPG:2.842583615
GBP:0.656540028
PBR:8.468E-5
update model:322.147102369
NDD time:6.840986373
NDD node:2640640
BDD node:664
reach size:1222400
property check:10.205220264
total:332.352322633
memory:3839MB
