FW:18.887654331
VxLAN:149.787857964
VC:0.009795307
VNI:192.067490388
EPG:3.243967983
GBP:0.659009128
PBR:9.6153E-5
update model:364.655996765
NDD time:5.421171414
NDD node:2447360
BDD node:664
reach size:1222400
property check:9.04495418
total:373.700950945
memory:3839MB
