FW:17.892823319
VxLAN:143.286459233
VC:0.009726841
VNI:171.424234257
EPG:4.170712571
GBP:0.625575167
PBR:9.8889E-5
update model:337.409735646
NDD time:3.763206631
NDD node:2373120
BDD node:0
reach size:1222400
property check:7.363355323
total:344.773090969
memory:3839MB
