FW:16.320367347
VxLAN:143.185112193
VC:0.009665236
VNI:194.756394479
EPG:3.565417761
GBP:0.635984143
PBR:9.9322E-5
update model:358.473166184
NDD time:3.888359618
NDD node:2520320
BDD node:0
reach size:1222400
property check:7.309362934
total:365.782529118
memory:3391MB
