FW:12.974642642
VxLAN:142.498344458
VC:0.009952586
VNI:184.36814707
EPG:2.78226094
GBP:0.661533133
PBR:9.2297E-5
update model:343.295088809
NDD time:5.551361557
NDD node:2616960
BDD node:664
reach size:1222400
property check:9.077537435
total:352.372626244
memory:3839MB
