FW:5.071011804
VxLAN:24.847371256
VC:0.003558912
VNI:21.718568095
EPG:1.012955529
GBP:0.185443728
PBR:9.736E-5
update model:52.839108793
reach size:462000
property check:2.724074835
total:55.563183628
memory:1887MB
