FW:19.070790913
VxLAN:139.956859834
VC:0.017596242
VNI:185.872331615
EPG:3.085938102
GBP:0.686616525
PBR:1.08883E-4
update model:348.690351705
NDD time:5.159059467
NDD node:2616960
BDD node:664
reach size:1222400
property check:8.58916228
total:357.279513985
memory:3839MB
