FW:17.726498069
VxLAN:130.379213144
VC:0.008406889
VNI:179.882955001
EPG:4.734597367
GBP:0.689670253
PBR:9.9662E-5
update model:333.42155138
NDD time:5.801801299
NDD node:2648320
BDD node:664
reach size:1222400
property check:9.470267252
total:342.891818632
memory:3839MB
