FW:12.745077023
VxLAN:127.945145603
VC:0.008460227
VNI:179.09081801
EPG:3.23218977
GBP:0.766316663
PBR:1.0307E-4
update model:323.788233696
NDD time:5.885606329
NDD node:2551040
BDD node:664
reach size:1222400
property check:9.437257482
total:333.225491178
memory:3839MB
