FW:19.759091313
VxLAN:144.796903679
VC:0.008871624
VNI:192.246046706
EPG:3.523259352
GBP:0.930828259
PBR:1.23609E-4
update model:361.265242865
NDD time:5.523996566
NDD node:2622080
BDD node:664
reach size:1222400
property check:11.076708835
total:372.3419517
memory:3839MB
