FW:12.776221584
VxLAN:146.892870778
VC:0.009149877
VNI:190.700422718
EPG:3.686574398
GBP:0.837606295
PBR:9.9794E-5
update model:354.903077562
NDD time:8.313159439
NDD node:2666880
BDD node:664
reach size:1222400
property check:13.119658113
total:368.022735675
memory:3839MB
