FW:18.427304218
VxLAN:141.775320778
VC:0.009178091
VNI:193.527319626
EPG:3.42362198
GBP:0.651171276
PBR:9.4643E-5
update model:357.81413901
NDD time:3.934767763
NDD node:2624640
BDD node:0
reach size:1222400
property check:7.210438798
total:365.024577808
memory:3391MB
