FW:0.492937623
VxLAN:0.624280038
VC:0.049252518
VNI:0.345930372
EPG:0.099969264
GBP:0.919814975
PBR:1.02075E-4
update model:2.532389581
NDD time:3.008951859
reach size:12224
property check:3.433344453
total:5.965734034
memory:1226MB
