FW:18.287841714
VxLAN:144.928921557
VC:0.008929019
VNI:193.402924928
EPG:4.168755707
GBP:0.817575622
PBR:9.9217E-5
update model:361.615192214
NDD time:5.53463391
NDD node:2653440
BDD node:0
reach size:1222400
property check:9.155668035
total:370.770860249
memory:3391MB
