FW:17.340330683
VxLAN:134.00718028
VC:0.008666485
VNI:173.212737642
EPG:3.148195359
GBP:0.884433803
PBR:1.28182E-4
update model:328.601811794
NDD time:6.530030996
NDD node:2597120
BDD node:664
reach size:1222400
property check:9.850312745
total:338.452124539
memory:3839MB
