FW:12.732757119
VxLAN:143.039816443
VC:0.009116978
VNI:189.273817511
EPG:3.01377131
GBP:0.730849995
PBR:8.8178E-5
update model:348.800317418
NDD time:5.866574207
NDD node:2669440
BDD node:664
reach size:1222400
property check:9.540596071
total:358.340913489
memory:3839MB
