FW:17.124214349
VxLAN:134.371222221
VC:0.00745739
VNI:168.031071342
EPG:3.476197838
GBP:0.711302894
PBR:1.23947E-4
update model:323.721723927
NDD time:3.556582339
NDD node:2482560
BDD node:0
reach size:1222400
property check:7.136918666
total:330.858642593
memory:3391MB
