FW:17.471250447
VxLAN:140.144594014
VC:0.009130412
VNI:186.209084244
EPG:3.386998292
GBP:0.651641533
PBR:9.8609E-5
update model:347.872913205
NDD time:5.649768721
NDD node:2548480
BDD node:664
reach size:1222400
property check:9.117823633
total:356.990736838
memory:3839MB
