FW:18.263833392
VxLAN:130.022288011
VC:0.007711251
VNI:180.591144548
EPG:3.735912054
GBP:0.768283225
PBR:1.4762E-4
update model:333.389473552
NDD time:4.195202964
NDD node:2436480
BDD node:0
reach size:1222400
property check:8.573507979
total:341.962981531
memory:3391MB
