FW:15.466544928
VxLAN:140.766612693
VC:0.00987926
VNI:181.210301934
EPG:2.792431767
GBP:0.659709226
PBR:9.2793E-5
update model:340.905708826
NDD time:5.439890387
NDD node:2620800
BDD node:664
reach size:1222400
property check:10.455125641
total:351.360834467
memory:3839MB
