FW:17.387846964
VxLAN:144.877810631
VC:0.008348032
VNI:177.368413072
EPG:3.42666577
GBP:0.767137145
PBR:9.2588E-5
update model:343.83641295
NDD time:4.332157718
NDD node:2598400
BDD node:664
reach size:1222400
property check:8.035061563
total:351.871474513
memory:3839MB
