FW:13.416877226
VxLAN:140.068404303
VC:0.009536756
VNI:174.996122814
EPG:2.743135309
GBP:0.662098016
PBR:1.03405E-4
update model:331.896404314
NDD time:7.883243961
NDD node:2504960
BDD node:664
reach size:1222400
property check:11.777548425
total:343.673952739
memory:3839MB
