FW:18.130589306
VxLAN:130.988139861
VC:0.010661738
VNI:173.238478266
EPG:3.532761684
GBP:0.760756423
PBR:1.16489E-4
update model:326.661616986
NDD time:3.853221153
NDD node:2547840
BDD node:0
reach size:1222400
property check:7.395885161
total:334.057502147
memory:3391MB
