FW:16.916542975
VxLAN:132.083522724
VC:0.008103735
VNI:168.364051669
EPG:3.31874373
GBP:0.633403067
PBR:1.05452E-4
update model:321.324587019
NDD time:3.804470224
NDD node:2598400
BDD node:0
reach size:1222400
property check:7.169245758
total:328.493832777
memory:3391MB
