FW:18.534030253
VxLAN:144.118166445
VC:0.013138841
VNI:182.731821308
EPG:3.163449092
GBP:0.712040124
PBR:2.50186E-4
update model:349.273037514
NDD time:6.76265797
NDD node:2576000
BDD node:664
reach size:1222400
property check:10.042539946
total:359.31557746
memory:3839MB
