FW:17.221706606
VxLAN:142.758202948
VC:0.016643499
VNI:187.518397906
EPG:4.24839609
GBP:0.73029257
PBR:1.05695E-4
update model:352.493898782
NDD time:4.591851048
NDD node:2532480
BDD node:0
reach size:1222400
property check:8.352857412
total:360.846756194
memory:3391MB
