FW:18.385138498
VxLAN:146.783587496
VC:0.016393958
VNI:182.18869832
EPG:3.596796085
GBP:0.685069871
PBR:1.00204E-4
update model:351.655898352
NDD time:5.052889114
NDD node:2442880
BDD node:0
reach size:1222400
property check:8.386607592
total:360.042505944
memory:3391MB
