FW:14.932796166
VxLAN:131.070945631
VC:0.008871718
VNI:181.389820453
EPG:2.791350907
GBP:0.78575543
PBR:1.16767E-4
update model:330.979786221
NDD time:7.149466169
NDD node:2693120
BDD node:664
reach size:1222400
property check:10.734200683
total:341.713986904
memory:3839MB
