FW:19.092809662
VxLAN:145.641047496
VC:0.007954324
VNI:197.12114
EPG:4.193701387
GBP:0.746186639
PBR:1.24701E-4
update model:366.803089833
NDD time:3.967937364
NDD node:2436480
BDD node:0
reach size:1222400
property check:7.972831329
total:374.775921162
memory:3391MB
