FW:17.595021741
VxLAN:136.786085401
VC:0.008150533
VNI:181.44282893
EPG:3.411589289
GBP:0.665846178
PBR:1.04929E-4
update model:339.909753235
NDD time:5.512639986
NDD node:2653440
BDD node:0
reach size:1222400
property check:8.862954612
total:348.772707847
memory:3391MB
