FW:15.785211047
VxLAN:125.727459207
VC:0.008548003
VNI:173.473555202
EPG:3.423839215
GBP:0.680921941
PBR:1.08403E-4
update model:319.099785108
NDD time:4.02281853
NDD node:2624640
BDD node:0
reach size:1222400
property check:7.589454178
total:326.689239286
memory:3391MB
