FW:18.292082509
VxLAN:129.894111553
VC:0.007861076
VNI:171.628794366
EPG:4.028282484
GBP:0.694328389
PBR:1.19303E-4
update model:324.545710646
NDD time:5.508587062
NDD node:2535040
BDD node:0
reach size:1222400
property check:9.467329449
total:334.013040095
memory:3391MB
