FW:17.839788254
VxLAN:126.958595252
VC:0.009177425
VNI:164.279328469
EPG:3.30167253
GBP:0.757715416
PBR:1.02678E-4
update model:313.146511406
NDD time:5.340418175
NDD node:2571520
BDD node:0
reach size:1222400
property check:9.047831501
total:322.194342907
memory:3391MB
