FW:13.192043254
VxLAN:136.397834252
VC:0.008891441
VNI:173.690522018
EPG:2.870733381
GBP:0.652332402
PBR:9.5465E-5
update model:326.812567193
NDD time:5.151656251
NDD node:2544000
BDD node:664
reach size:1222400
property check:8.532522764
total:335.345089957
memory:3839MB
