FW:15.531371332
VxLAN:141.089554613
VC:0.014790546
VNI:197.275604076
EPG:3.644052778
GBP:0.689300494
PBR:1.02593E-4
update model:358.244897385
NDD time:4.253019519
NDD node:2560640
BDD node:0
reach size:1222400
property check:8.07997813
total:366.324875515
memory:3391MB
