FW:18.35692831
VxLAN:140.02785203
VC:0.010616969
VNI:183.858255788
EPG:3.164287414
GBP:0.719102351
PBR:8.75E-5
update model:346.137236423
NDD time:6.047977963
NDD node:2640640
BDD node:664
reach size:1222400
property check:9.708730063
total:355.845966486
memory:3839MB
