FW:13.089089264
VxLAN:138.374324057
VC:0.009310471
VNI:184.354280324
EPG:2.863516422
GBP:0.628436602
PBR:9.3689E-5
update model:339.319168457
NDD time:5.196037675
NDD node:2596480
BDD node:0
reach size:1222400
property check:8.606439106
total:347.925607563
memory:3839MB
