FW:17.299471299
VxLAN:145.108931623
VC:0.008456151
VNI:184.725287199
EPG:4.244150751
GBP:0.74027532
PBR:9.1058E-5
update model:352.126773782
NDD time:4.50395365
NDD node:2481280
BDD node:664
reach size:1222400
property check:7.708346142
total:359.835119924
memory:3839MB
