FW:16.53877643
VxLAN:140.909065228
VC:0.008610394
VNI:184.087120475
EPG:2.873606155
GBP:0.686367935
PBR:8.92E-5
update model:345.103745522
NDD time:4.682088692
NDD node:2552320
BDD node:664
reach size:1222400
property check:7.957896862
total:353.061642384
memory:3839MB
