FW:18.667992808
VxLAN:140.456999754
VC:0.008635862
VNI:185.72366404
EPG:4.385878069
GBP:0.663418038
PBR:9.9186E-5
update model:349.906803176
NDD time:5.298674212
NDD node:2622080
BDD node:664
reach size:1222400
property check:8.401250588
total:358.308053764
memory:3839MB
