FW:18.703322672
VxLAN:131.014855382
VC:0.012772133
VNI:178.84538007
EPG:4.02737927
GBP:0.724343716
PBR:1.18005E-4
update model:333.328283565
NDD time:4.034145988
NDD node:2456320
BDD node:0
reach size:1222400
property check:8.023774623
total:341.352058188
memory:3391MB
