FW:17.603223859
VxLAN:138.826909114
VC:0.009125189
VNI:181.834783832
EPG:3.041678366
GBP:0.673269751
PBR:8.8949E-5
update model:341.989184537
NDD time:6.637907958
NDD node:2640640
BDD node:664
reach size:1222400
property check:9.822071124
total:351.811255661
memory:3839MB
