FW:18.938331243
VxLAN:145.515816924
VC:0.008061818
VNI:187.530738519
EPG:3.593287005
GBP:0.640637857
PBR:1.10298E-4
update model:356.227097139
NDD time:5.822854432
NDD node:2502400
BDD node:0
reach size:1222400
property check:9.65878685
total:365.885883989
memory:3391MB
