FW:17.566368919
VxLAN:129.216647167
VC:0.011282944
VNI:179.894829482
EPG:3.393233361
GBP:0.760554191
PBR:1.02479E-4
update model:330.843140852
NDD time:7.268037921
NDD node:2669440
BDD node:664
reach size:1222400
property check:10.680081167
total:341.523222019
memory:3839MB
