FW:16.887846545
VxLAN:146.745081875
VC:0.016761605
VNI:179.989190458
EPG:3.401628352
GBP:0.645669619
PBR:1.00901E-4
update model:347.686407679
NDD time:5.20036289
NDD node:2557440
BDD node:0
reach size:1222400
property check:8.611126608
total:356.297534287
memory:3391MB
