FW:18.768408163
VxLAN:138.901954634
VC:0.01209391
VNI:183.399085343
EPG:3.27468606
GBP:0.718357946
PBR:9.5394E-5
update model:345.074791671
NDD time:4.045004311
NDD node:2592640
BDD node:0
reach size:1222400
property check:7.403429509
total:352.47822118
memory:3391MB
