FW:17.719348613
VxLAN:126.604289935
VC:0.008289892
VNI:177.313193836
EPG:3.258330655
GBP:0.681085216
PBR:2.11105E-4
update model:325.584866976
NDD time:7.178812347
NDD node:2643200
BDD node:664
reach size:1222400
property check:10.665259723
total:336.250126699
memory:3839MB
