FW:18.22550244
VxLAN:138.126089372
VC:0.007941399
VNI:187.973541531
EPG:3.618670121
GBP:0.82387599
PBR:1.24417E-4
update model:348.7758799
NDD time:3.978402602
NDD node:2560640
BDD node:0
reach size:1222400
property check:7.469119842
total:356.244999742
memory:3391MB
