FW:18.022007728
VxLAN:135.102863831
VC:0.015240194
VNI:170.901720365
EPG:3.166034381
GBP:0.675725644
PBR:1.1412E-4
update model:327.883838205
NDD time:4.364135738
NDD node:2624640
BDD node:0
reach size:1222400
property check:7.912656189
total:335.796494394
memory:3391MB
