FW:17.306625907
VxLAN:127.434861974
VC:0.010610329
VNI:180.301899692
EPG:3.282814826
GBP:0.661975962
PBR:1.01183E-4
update model:328.999015196
NDD time:3.854937047
NDD node:2624640
BDD node:0
reach size:1222400
property check:7.16175797
total:336.160773166
memory:3391MB
