FW:14.872635334
VxLAN:140.329711981
VC:0.461065593
VNI:173.816649059
EPG:3.064177972
GBP:0.814190083
PBR:9.8684E-5
update model:333.358649884
NDD time:5.04835033
NDD node:2396800
BDD node:0
reach size:1222400
property check:8.706373467
total:342.065023351
memory:3839MB
