FW:17.7671857
VxLAN:137.302646963
VC:0.008537183
VNI:181.734764059
EPG:3.656362138
GBP:0.694081632
PBR:9.4815E-5
update model:341.163780851
NDD time:3.96282931
NDD node:2528640
BDD node:0
reach size:1222400
property check:7.440398999
total:348.60417985
memory:3391MB
