FW:17.002430574
VxLAN:129.829775438
VC:0.009925171
VNI:176.162827187
EPG:3.740527791
GBP:0.6637096
PBR:1.14136E-4
update model:327.409439059
NDD time:3.919210613
NDD node:2520320
BDD node:0
reach size:1222400
property check:7.491425973
total:334.900865032
memory:3391MB
