FW:17.008326849
VxLAN:128.240979413
VC:0.014646579
VNI:170.776682479
EPG:3.719450483
GBP:0.698268589
PBR:1.13948E-4
update model:320.458610511
NDD time:3.758158574
NDD node:2561920
BDD node:0
reach size:1222400
property check:7.253946352
total:327.712556863
memory:3391MB
