FW:20.043012379
VxLAN:149.140012995
VC:0.022499399
VNI:197.968028911
EPG:3.379623851
GBP:0.727935613
PBR:9.929E-5
update model:371.281329047
NDD time:4.175279893
NDD node:2561920
BDD node:0
reach size:1222400
property check:7.681920561
total:378.963249608
memory:3391MB
