FW:16.880651714
VxLAN:130.256801582
VC:0.011051762
VNI:173.206163091
EPG:3.175159415
GBP:0.628025167
PBR:1.06765E-4
update model:324.158097712
NDD time:3.623051249
NDD node:2419200
BDD node:0
reach size:1222400
property check:7.017123116
total:331.175220828
memory:3391MB
