FW:19.891914735
VxLAN:150.083422335
VC:0.009025472
VNI:191.837071908
EPG:4.378164106
GBP:0.736248058
PBR:1.06146E-4
update model:366.936089538
NDD time:4.808828886
NDD node:2532480
BDD node:0
reach size:1222400
property check:8.960675601
total:375.896765139
memory:3391MB
