FW:16.365515739
VxLAN:143.418459041
VC:0.014285894
VNI:180.857387552
EPG:3.476600105
GBP:0.648147004
PBR:9.394E-5
update model:344.780611198
NDD time:4.955122436
NDD node:2488960
BDD node:0
reach size:1222400
property check:8.406344025
total:353.186955223
memory:3391MB
