FW:17.172883363
VxLAN:140.157462158
VC:0.009046601
VNI:186.152278904
EPG:3.069410136
GBP:0.660193896
PBR:9.5267E-5
update model:347.221486835
NDD time:5.425423017
NDD node:2620800
BDD node:664
reach size:1222400
property check:9.116851305
total:356.33833814
memory:3839MB
