FW:21.901297477
VxLAN:143.716022524
VC:0.00863699
VNI:196.915114217
EPG:3.638262636
GBP:0.787157967
PBR:2.41264E-4
update model:366.966865251
NDD time:4.424816949
NDD node:2504960
BDD node:664
reach size:1222400
property check:8.267455784
total:375.234321035
memory:3839MB
