FW:18.43997111
VxLAN:152.063076306
VC:0.01862661
VNI:199.991918926
EPG:3.999940251
GBP:0.720187254
PBR:1.50828E-4
update model:375.234033691
NDD time:3.920503046
NDD node:2419200
BDD node:0
reach size:1222400
property check:8.100272212
total:383.334305903
memory:3391MB
