FW:18.826225296
VxLAN:139.770151055
VC:0.015798692
VNI:170.827841004
EPG:3.199558053
GBP:0.650663249
PBR:1.1588E-4
update model:333.29047081
NDD time:3.890483261
NDD node:2469760
BDD node:0
reach size:1222400
property check:7.830037348
total:341.120508158
memory:3391MB
