FW:13.770556372
VxLAN:142.918057349
VC:0.009158546
VNI:178.201509264
EPG:2.700429614
GBP:0.63285544
PBR:1.18132E-4
update model:338.23280672
NDD time:6.747573869
NDD node:2618880
BDD node:0
reach size:1222400
property check:10.101661291
total:348.334468011
memory:3839MB
