FW:16.990937903
VxLAN:146.506366884
VC:0.008989722
VNI:185.103026258
EPG:3.177029964
GBP:0.780962974
PBR:1.00545E-4
update model:352.56752386
NDD time:5.220771742
NDD node:2642560
BDD node:0
reach size:1222400
property check:8.472740484
total:361.040264344
memory:3839MB
