FW:16.799103131
VxLAN:129.821744204
VC:0.013687819
VNI:190.000574868
EPG:3.411281735
GBP:0.659464568
PBR:1.02823E-4
update model:340.706071868
NDD time:4.009981353
NDD node:2456320
BDD node:0
reach size:1222400
property check:7.81188205
total:348.517953918
memory:3391MB
