FW:17.220869123
VxLAN:152.598923286
VC:0.008241191
VNI:185.495250452
EPG:3.281546399
GBP:0.690734925
PBR:1.00232E-4
update model:359.29579315
NDD time:3.91644721
NDD node:2592640
BDD node:0
reach size:1222400
property check:7.271651425
total:366.567444575
memory:3391MB
