FW:16.248775098
VxLAN:129.254727645
VC:0.008541183
VNI:171.305089983
EPG:2.995187376
GBP:0.684280918
PBR:1.07426E-4
update model:320.496837259
NDD time:6.669606996
NDD node:2648320
BDD node:664
reach size:1222400
property check:10.162570933
total:330.659408192
memory:3839MB
