FW:18.919663283
VxLAN:126.888901741
VC:0.014018319
VNI:161.649859323
EPG:3.414991457
GBP:0.668648512
PBR:9.0753E-5
update model:311.556277099
NDD time:4.95929166
NDD node:2649600
BDD node:0
reach size:1222400
property check:8.248038732
total:319.804315831
memory:3391MB
