FW:18.381339926
VxLAN:146.836918279
VC:0.010351644
VNI:181.867608193
EPG:3.49103891
GBP:0.824247531
PBR:1.00626E-4
update model:351.411729139
NDD time:4.170065649
NDD node:2514560
BDD node:0
reach size:1222400
property check:8.016789937
total:359.428519076
memory:3391MB
