FW:17.891007853
VxLAN:145.834418752
VC:0.010139501
VNI:190.019418866
EPG:3.742132962
GBP:0.659896833
PBR:1.00768E-4
update model:358.157234666
NDD time:3.977214515
NDD node:2410240
BDD node:0
reach size:1222400
property check:7.623537742
total:365.780772408
memory:3391MB
