FW:17.917342601
VxLAN:148.548934685
VC:0.008990227
VNI:198.257093027
EPG:3.891169457
GBP:0.814788302
PBR:1.13309E-4
update model:369.438555765
NDD time:5.562618156
NDD node:2425600
BDD node:0
reach size:1222400
property check:9.376268043
total:378.814823808
memory:3839MB
