FW:18.403730407
VxLAN:136.459061113
VC:0.0085093
VNI:185.13686397
EPG:3.500521336
GBP:0.689632768
PBR:9.4026E-5
update model:344.198545584
NDD time:3.940854171
NDD node:2511360
BDD node:0
reach size:1222400
property check:7.366259443
total:351.564805027
memory:3391MB
