FW:19.412703749
VxLAN:143.347314483
VC:0.015280305
VNI:175.499196391
EPG:3.727224442
GBP:0.685554764
PBR:1.10955E-4
update model:342.68751295
NDD time:5.235930008
NDD node:2493440
BDD node:0
reach size:1222400
property check:9.029149829
total:351.716662779
memory:3391MB
