FW:12.575352876
VxLAN:142.007810288
VC:0.009941251
VNI:180.645450817
EPG:2.873482563
GBP:0.653049028
PBR:9.8717E-5
update model:338.765304106
NDD time:5.354877741
NDD node:2526720
BDD node:0
reach size:1222400
property check:8.969988787
total:347.735292893
memory:3839MB
