FW:18.333391569
VxLAN:131.431380993
VC:0.019914341
VNI:176.308252673
EPG:3.701324604
GBP:0.807709517
PBR:1.28397E-4
update model:330.602229463
NDD time:4.1670422
NDD node:2528640
BDD node:0
reach size:1222400
property check:8.216240747
total:338.81847021
memory:3391MB
