FW:17.685071642
VxLAN:135.470313176
VC:0.008711593
VNI:174.775098456
EPG:4.078575492
GBP:0.695983782
PBR:1.02257E-4
update model:332.71398004
NDD time:3.885036463
NDD node:2624640
BDD node:0
reach size:1222400
property check:7.143277042
total:339.857257082
memory:3391MB
