FW:17.118713025
VxLAN:139.89889418
VC:0.011644676
VNI:183.677739201
EPG:3.547975935
GBP:0.673543825
PBR:9.2251E-5
update model:344.928728452
NDD time:6.158414439
NDD node:2677120
BDD node:0
reach size:1222400
property check:9.839483464
total:354.768211916
memory:3391MB
