FW:18.716971813
VxLAN:134.70390629
VC:0.018266391
VNI:195.762132262
EPG:4.291107486
GBP:0.732553702
PBR:3.00707E-4
update model:354.225399435
NDD time:5.874241634
NDD node:2653440
BDD node:0
reach size:1222400
property check:9.817242256
total:364.042641691
memory:3391MB
