FW:16.700925382
VxLAN:132.253401644
VC:0.017314871
VNI:180.491133289
EPG:3.652392657
GBP:0.730792232
PBR:1.03768E-4
update model:333.846203323
NDD time:4.101147109
NDD node:2480000
BDD node:0
reach size:1222400
property check:7.894703017
total:341.74090634
memory:3391MB
