FW:17.002113705
VxLAN:124.559067353
VC:0.008934302
VNI:161.987439349
EPG:3.289510752
GBP:0.65614283
PBR:9.5731E-5
update model:307.503431747
NDD time:4.716812405
NDD node:2617600
BDD node:0
reach size:1222400
property check:7.944233509
total:315.447665256
memory:3391MB
