FW:19.576504996
VxLAN:143.230901654
VC:0.01039387
VNI:183.549982398
EPG:3.333843014
GBP:0.697692008
PBR:1.11691E-4
update model:350.399590531
NDD time:3.99233782
NDD node:2593920
BDD node:0
reach size:1222400
property check:7.617373045
total:358.016963576
memory:3391MB
