FW:17.678303001
VxLAN:129.079201416
VC:0.007469854
VNI:178.671770285
EPG:3.45444029
GBP:0.613958699
PBR:1.05941E-4
update model:329.505370291
NDD time:3.843771809
NDD node:2578560
BDD node:0
reach size:1222400
property check:7.249105636
total:336.754475927
memory:3391MB
