FW:19.48881262
VxLAN:131.320128548
VC:0.010249525
VNI:186.665264634
EPG:4.428661485
GBP:0.811797623
PBR:1.0686E-4
update model:342.725147146
NDD time:5.487387541
NDD node:2544000
BDD node:0
reach size:1222400
property check:9.568456956
total:352.293604102
memory:3391MB
