FW:18.008323113
VxLAN:131.307013017
VC:0.007600246
VNI:172.141772873
EPG:3.569684257
GBP:0.656804511
PBR:1.13592E-4
update model:325.691429574
NDD time:4.311338596
NDD node:2552320
BDD node:0
reach size:1222400
property check:8.091298633
total:333.782728207
memory:3391MB
