FW:18.878813152
VxLAN:143.123957273
VC:0.008756262
VNI:195.626046295
EPG:3.82853225
GBP:0.782631402
PBR:9.4023E-5
update model:362.248956831
NDD time:6.101872685
NDD node:2568320
BDD node:0
reach size:1222400
property check:10.231573408
total:372.480530239
memory:3839MB
