FW:17.938434223
VxLAN:138.726437372
VC:0.011072703
VNI:181.39722767
EPG:3.592961285
GBP:0.686299804
PBR:9.8258E-5
update model:342.352668239
NDD time:5.348640431
NDD node:2603520
BDD node:0
reach size:1222400
property check:9.056438837
total:351.409107076
memory:3391MB
