FW:18.514102134
VxLAN:135.162583997
VC:0.012184615
VNI:176.265561937
EPG:3.690133459
GBP:0.757875848
PBR:1.30219E-4
update model:334.40269649
NDD time:4.028729678
NDD node:2519040
BDD node:664
reach size:1222400
property check:8.004986593
total:342.407683083
memory:3839MB
