FW:18.515079566
VxLAN:129.902093303
VC:0.010078335
VNI:182.706393208
EPG:3.642385725
GBP:0.656299313
PBR:1.14603E-4
update model:335.432567917
NDD time:4.076390778
NDD node:2552320
BDD node:0
reach size:1222400
property check:7.615630666
total:343.048198583
memory:3391MB
