FW:17.605508402
VxLAN:133.264593914
VC:0.013656844
VNI:174.302160446
EPG:3.974243383
GBP:0.696814926
PBR:1.00318E-4
update model:329.857199992
NDD time:5.017025722
NDD node:2625920
BDD node:0
reach size:1222400
property check:8.666195287
total:338.523395279
memory:3391MB
