FW:19.132530918
VxLAN:133.638117825
VC:0.007622936
VNI:173.039034067
EPG:3.670746295
GBP:0.815974667
PBR:9.9889E-5
update model:330.304242079
NDD time:5.759828926
NDD node:2649600
BDD node:0
reach size:1222400
property check:9.4852919
total:339.789533979
memory:3391MB
