FW:19.518159456
VxLAN:140.657505838
VC:0.013233934
VNI:180.918590848
EPG:3.187107236
GBP:0.790400332
PBR:9.7381E-5
update model:345.085200304
NDD time:4.316594513
NDD node:2598400
BDD node:664
reach size:1222400
property check:8.001175781
total:353.086376085
memory:3839MB
