FW:18.168141258
VxLAN:134.875218002
VC:0.014901091
VNI:174.86218008
EPG:3.579530581
GBP:0.686739139
PBR:1.2458E-4
update model:332.186947757
NDD time:3.773519772
NDD node:2501760
BDD node:0
reach size:1222400
property check:7.07488838
total:339.261836137
memory:3391MB
