FW:17.076220691
VxLAN:127.566699584
VC:0.010221295
VNI:174.570876965
EPG:4.923733208
GBP:0.7166879
PBR:8.9522E-5
update model:324.864622295
NDD time:4.555167584
NDD node:2597120
BDD node:664
reach size:1222400
property check:8.256207292
total:333.120829587
memory:3839MB
