FW:16.877941986
VxLAN:132.823956093
VC:0.009318771
VNI:184.261442703
EPG:3.484870781
GBP:0.779776785
PBR:1.22663E-4
update model:338.237563689
NDD time:4.059684517
NDD node:2546560
BDD node:0
reach size:1222400
property check:7.578768302
total:345.816331991
memory:3391MB
