FW:16.621443837
VxLAN:127.518590772
VC:0.00939999
VNI:172.630135852
EPG:3.086891979
GBP:0.683309788
PBR:9.0704E-5
update model:320.549951482
NDD time:4.956229978
NDD node:2504960
BDD node:664
reach size:1222400
property check:8.694795894
total:329.244747376
memory:3839MB
