FW:17.155858182
VxLAN:137.836063787
VC:0.008031355
VNI:188.193097832
EPG:3.66036901
GBP:0.684829291
PBR:1.00571E-4
update model:347.538477085
NDD time:6.157324195
NDD node:2649600
BDD node:0
reach size:1222400
property check:10.120217791
total:357.658694876
memory:3391MB
