FW:17.636078763
VxLAN:136.02120461
VC:0.009884262
VNI:176.712859722
EPG:3.385350365
GBP:0.630496242
PBR:1.09453E-4
update model:334.396102561
NDD time:3.890418916
NDD node:2506240
BDD node:0
reach size:1222400
property check:7.306506581
total:341.702609142
memory:3391MB
