FW:13.287394869
VxLAN:127.84324319
VC:0.009615365
VNI:173.461051512
EPG:2.927552506
GBP:0.736250665
PBR:1.18504E-4
update model:318.26532896
NDD time:5.100348204
NDD node:2669440
BDD node:664
reach size:1222400
property check:8.639215783
total:326.904544743
memory:3839MB
