FW:19.976331886
VxLAN:141.410690785
VC:0.009832561
VNI:189.647585767
EPG:3.870641044
GBP:0.792340044
PBR:1.26993E-4
update model:355.707691027
NDD time:6.077046533
NDD node:2585600
BDD node:0
reach size:1222400
property check:9.934004013
total:365.64169504
memory:3391MB
