FW:19.664971657
VxLAN:143.998690822
VC:0.012687894
VNI:195.865294051
EPG:3.163749136
GBP:0.649168955
PBR:9.5196E-5
update model:363.354765836
NDD time:5.926260391
NDD node:2669440
BDD node:664
reach size:1222400
property check:10.049182148
total:373.403947984
memory:3839MB
