FW:20.405510473
VxLAN:147.290964618
VC:0.021664202
VNI:195.506115567
EPG:3.42934564
GBP:0.657666057
PBR:9.4738E-5
update model:367.311477712
NDD time:3.942588613
NDD node:2436480
BDD node:0
reach size:1222400
property check:7.323050362
total:374.634528074
memory:3391MB
