FW:13.642257564
VxLAN:142.852972863
VC:0.009959821
VNI:197.10745506
EPG:3.160667615
GBP:0.750307273
PBR:1.20606E-4
update model:357.523885435
NDD time:7.156621479
NDD node:2396800
BDD node:0
reach size:1222400
property check:11.278056421
total:368.801941856
memory:3839MB
