FW:19.888637917
VxLAN:128.340006924
VC:0.01064698
VNI:172.74389022
EPG:3.825130649
GBP:0.676650333
PBR:9.1668E-5
update model:325.485159963
NDD time:5.101727272
NDD node:2532480
BDD node:0
reach size:1222400
property check:9.24065643
total:334.725816393
memory:3391MB
