FW:17.584109697
VxLAN:136.141807032
VC:0.008395598
VNI:185.099538195
EPG:3.688107695
GBP:0.730831494
PBR:9.9615E-5
update model:343.253004616
NDD time:4.8589578
NDD node:2428160
BDD node:0
reach size:1222400
property check:8.454669212
total:351.707673828
memory:3391MB
