FW:12.654942196
VxLAN:126.961140069
VC:0.009236561
VNI:175.443650466
EPG:3.053640092
GBP:0.681764157
PBR:9.3495E-5
update model:318.804582691
NDD time:5.824780422
NDD node:2548480
BDD node:0
reach size:1222400
property check:9.556744291
total:328.361326982
memory:3839MB
