FW:18.249753354
VxLAN:132.303354253
VC:0.011419267
VNI:189.453009631
EPG:3.064357614
GBP:0.656267311
PBR:1.02034E-4
update model:343.738383791
NDD time:5.068653188
NDD node:2493440
BDD node:664
reach size:1222400
property check:8.727473972
total:352.465857763
memory:3839MB
