FW:19.210833391
VxLAN:144.550878164
VC:0.017658917
VNI:193.117946459
EPG:4.378410727
GBP:0.735964908
PBR:1.35926E-4
update model:362.011964623
NDD time:4.1841896
NDD node:2480000
BDD node:0
reach size:1222400
property check:8.189596818
total:370.201561441
memory:3391MB
