FW:18.121842232
VxLAN:133.967809763
VC:0.012448768
VNI:186.629771072
EPG:3.047506454
GBP:0.63121315
PBR:9.6124E-5
update model:342.410832218
NDD time:4.015280218
NDD node:2472960
BDD node:664
reach size:1222400
property check:7.408134196
total:349.818966414
memory:3839MB
