FW:18.609202455
VxLAN:129.407218229
VC:0.008205015
VNI:168.182539392
EPG:5.453285499
GBP:0.669566627
PBR:1.1084E-4
update model:322.330245751
NDD time:5.920964978
NDD node:2585600
BDD node:0
reach size:1222400
property check:9.64210164
total:331.972347391
memory:3391MB
