FW:18.007718725
VxLAN:138.945014116
VC:0.011256023
VNI:179.857134082
EPG:3.620760314
GBP:0.830022663
PBR:1.0555E-4
update model:341.27213617
NDD time:5.323031999
reach size:1222400
property check:8.889329492
total:350.161465662
memory:3391MB
