FW:18.059819651
VxLAN:144.73489152
VC:0.008777654
VNI:192.519957535
EPG:3.947794634
GBP:0.70795387
PBR:1.37995E-4
update model:359.979477525
NDD time:4.71344556
NDD node:2552320
BDD node:0
reach size:1222400
property check:8.580805328
total:368.560282853
memory:3391MB
