FW:40.340722263
VxLAN:474.811824103
VC:0.00843472
VNI:766.076257525
EPG:8.547463444
GBP:0.680547808
PBR:1.0639E-4
update model:1290.465467291
NDD time:10.695089487
NDD node:4953600
BDD node:0
reach size:2444800
property check:18.058194331
total:1308.523661622
memory:6416MB
