FW:16.426472603
VxLAN:136.893555993
VC:0.008840013
VNI:190.823668374
EPG:3.807495987
GBP:0.695565323
PBR:1.04329E-4
update model:348.655835227
NDD time:4.13878271
NDD node:2598400
BDD node:0
reach size:1222400
property check:7.558116776
total:356.213952003
memory:3391MB
