FW:13.726563732
VxLAN:134.826611584
VC:0.009473445
VNI:166.802528239
EPG:3.416107201
GBP:0.833396334
PBR:1.03603E-4
update model:319.614907265
NDD time:7.692181714
NDD node:2550400
BDD node:0
reach size:1222400
property check:11.478411438
total:331.093318703
memory:3839MB
