FW:17.052369457
VxLAN:129.921807372
VC:0.007559866
VNI:167.586858796
EPG:3.412983625
GBP:0.706684817
PBR:1.07909E-4
update model:318.688496248
NDD time:4.386849885
NDD node:2593920
BDD node:0
reach size:1222400
property check:8.245753978
total:326.934250226
memory:3391MB
