FW:17.912848242
VxLAN:141.463990213
VC:0.008324616
VNI:171.115319326
EPG:3.748140189
GBP:0.738236148
PBR:1.22438E-4
update model:334.987123348
NDD time:3.737636877
NDD node:2520320
BDD node:0
reach size:1222400
property check:6.998463573
total:341.985586921
memory:3391MB
