FW:18.313773833
VxLAN:132.676552036
VC:0.009714463
VNI:160.809564131
EPG:2.697542335
GBP:0.644169333
PBR:1.11382E-4
update model:315.151549836
NDD time:5.218500956
NDD node:2423680
BDD node:664
reach size:1222400
property check:8.690297082
total:323.841846918
memory:3839MB
