FW:17.840017774
VxLAN:142.860040633
VC:0.009557819
VNI:182.211531037
EPG:2.981857459
GBP:0.690971529
PBR:9.0042E-5
update model:346.594170732
NDD time:6.36636271
NDD node:2493440
BDD node:664
reach size:1222400
property check:10.232676271
total:356.826847003
memory:3839MB
