FW:18.596471295
VxLAN:149.818943526
VC:0.019621602
VNI:194.8468774
EPG:3.483687493
GBP:0.752450551
PBR:1.09062E-4
update model:367.518288752
NDD time:3.993270895
NDD node:2598400
BDD node:0
reach size:1222400
property check:7.367836651
total:374.886125403
memory:3391MB
