FW:12.563677075
VxLAN:130.938209195
VC:0.009633831
VNI:172.187592653
EPG:2.717490902
GBP:0.66987943
PBR:9.834E-5
update model:319.086682325
NDD time:5.665597943
NDD node:2546560
BDD node:664
reach size:1222400
property check:9.808662104
total:328.895344429
memory:3839MB
