FW:18.841966451
VxLAN:142.331144706
VC:0.008317397
VNI:192.108111978
EPG:4.034978049
GBP:0.742065581
PBR:1.3085E-4
update model:358.066849486
NDD time:3.806117362
NDD node:2436480
BDD node:0
reach size:1222400
property check:7.768540675
total:365.835390161
memory:3391MB
