FW:17.337100092
VxLAN:125.99812349
VC:0.009235193
VNI:180.143859464
EPG:3.359672011
GBP:0.641833947
PBR:2.28914E-4
update model:327.490185407
NDD time:4.05540374
NDD node:2592640
BDD node:0
reach size:1222400
property check:7.396988673
total:334.88717408
memory:3391MB
