FW:16.17372277
VxLAN:124.153483442
VC:0.008363623
VNI:176.680160047
EPG:3.121209601
GBP:0.687324192
PBR:9.8837E-5
update model:320.824484404
NDD time:5.26565559
NDD node:2602240
BDD node:664
reach size:1222400
property check:8.625944439
total:329.450428843
memory:3839MB
