FW:13.483585453
VxLAN:130.22185493
VC:0.009163148
VNI:174.335622697
EPG:3.237068936
GBP:0.671843132
PBR:1.0514E-4
update model:321.959358581
NDD time:5.348630278
NDD node:2497920
BDD node:664
reach size:1222400
property check:9.012085783
total:330.971444364
memory:3839MB
