FW:17.47532072
VxLAN:130.497262167
VC:0.008568447
VNI:171.725292785
EPG:3.226850435
GBP:0.6500927
PBR:1.01058E-4
update model:323.583634043
NDD time:3.505123633
NDD node:2410240
BDD node:0
reach size:1222400
property check:7.060690998
total:330.644325041
memory:3391MB
