FW:17.597564165
VxLAN:137.570018395
VC:0.013610812
VNI:173.234669128
EPG:2.994903684
GBP:0.613571199
PBR:1.09367E-4
update model:332.024571682
NDD time:3.797820063
NDD node:2493440
BDD node:664
reach size:1222400
property check:7.568417814
total:339.592989496
memory:3839MB
