FW:17.20450572
VxLAN:130.157481131
VC:0.008813335
VNI:170.299231867
EPG:2.830328852
GBP:0.671902234
PBR:9.4739E-5
update model:321.172488655
NDD time:5.964332803
NDD node:2452480
BDD node:664
reach size:1222400
property check:9.618456896
total:330.790945551
memory:3839MB
