FW:13.148230742
VxLAN:138.964498179
VC:0.011403433
VNI:191.753700594
EPG:3.474519
GBP:0.698725615
PBR:9.393E-5
update model:348.051283433
NDD time:5.050134048
NDD node:2520320
BDD node:664
reach size:1222400
property check:10.300187735
total:358.351471168
memory:3839MB
