FW:19.118477286
VxLAN:134.334658471
VC:0.021514107
VNI:179.346655717
EPG:3.543804547
GBP:0.662462977
PBR:9.9087E-5
update model:337.027796063
NDD time:3.651168572
NDD node:2514560
BDD node:0
reach size:1222400
property check:7.049252223
total:344.077048286
memory:3391MB
