FW:17.427354669
VxLAN:145.381652645
VC:0.008788073
VNI:179.644195577
EPG:3.658080139
GBP:0.612424596
PBR:9.9301E-5
update model:346.732711197
NDD time:5.159980087
NDD node:2599040
BDD node:0
reach size:1222400
property check:8.476858972
total:355.209570169
memory:3391MB
