FW:17.180695613
VxLAN:141.908833642
VC:0.008577718
VNI:185.378867136
EPG:3.074350435
GBP:0.703139975
PBR:1.01787E-4
update model:348.254684342
NDD time:5.246517945
NDD node:2597120
BDD node:664
reach size:1222400
property check:10.025692006
total:358.280376348
memory:3839MB
