FW:16.603585351
VxLAN:124.60824713
VC:0.009956311
VNI:176.327205327
EPG:3.117000044
GBP:0.726353081
PBR:8.8295E-5
update model:321.392533801
NDD time:4.310267922
NDD node:2624640
BDD node:664
reach size:1222400
property check:7.858718851
total:329.251252652
memory:3839MB
