FW:17.643213706
VxLAN:133.497022082
VC:0.02120312
VNI:177.706061687
EPG:3.99540042
GBP:1.202830484
PBR:1.35606E-4
update model:334.066029089
NDD time:5.580827071
NDD node:2535040
BDD node:0
reach size:1222400
property check:9.297622691
total:343.36365178
memory:3391MB
