FW:17.25417254
VxLAN:130.122828062
VC:0.008812787
VNI:158.819125557
EPG:3.175111318
GBP:0.647559976
PBR:1.32715E-4
update model:310.027862369
NDD time:3.772640064
NDD node:2624640
BDD node:0
reach size:1222400
property check:6.897719132
total:316.925581501
memory:3391MB
