FW:18.818182255
VxLAN:144.109384208
VC:0.008603455
VNI:181.533878595
EPG:4.513393965
GBP:0.666724074
PBR:9.2524E-5
update model:349.650366426
NDD time:6.007892802
NDD node:2640640
BDD node:664
reach size:1222400
property check:9.720347977
total:359.370714403
memory:3839MB
