FW:17.216581448
VxLAN:140.354962435
VC:0.008801596
VNI:189.026734874
EPG:2.883269951
GBP:0.622244952
PBR:1.15734E-4
update model:350.112830955
NDD time:3.577883216
NDD node:2390400
BDD node:0
reach size:1222400
property check:7.030998459
total:357.143829414
memory:3839MB
