FW:18.318908159
VxLAN:142.229426571
VC:0.008700657
VNI:171.437935313
EPG:3.000669863
GBP:0.665135585
PBR:1.03141E-4
update model:335.661026379
NDD time:4.316754794
NDD node:2624640
BDD node:664
reach size:1222400
property check:7.912006112
total:343.573032491
memory:3839MB
