FW:17.829669892
VxLAN:144.161746369
VC:0.010461244
VNI:180.525542541
EPG:2.946827387
GBP:0.621182073
PBR:9.5006E-5
update model:346.095644427
NDD time:4.824073507
NDD node:2544000
BDD node:664
reach size:1222400
property check:8.171441887
total:354.267086314
memory:3839MB
