FW:17.135156813
VxLAN:129.984172351
VC:0.008713042
VNI:170.747817226
EPG:3.942513826
GBP:0.8254472
PBR:1.2782E-4
update model:322.644086961
NDD time:4.118966883
NDD node:2592640
BDD node:0
reach size:1222400
property check:8.257674168
total:330.901761129
memory:3391MB
