FW:20.444387968
VxLAN:151.14023892
VC:0.011827928
VNI:198.205634404
EPG:4.055010106
GBP:0.684963203
PBR:9.2866E-5
update model:374.542284659
NDD time:4.370866268
NDD node:2624640
BDD node:0
reach size:1222400
property check:7.984273833
total:382.526558492
memory:3391MB
