FW:16.423233294
VxLAN:143.014683247
VC:0.018320694
VNI:193.463953254
EPG:3.646307106
GBP:0.679824424
PBR:1.06528E-4
update model:357.246550044
NDD time:5.166264987
NDD node:2525440
BDD node:0
reach size:1222400
property check:8.781832882
total:366.028382926
memory:3391MB
