FW:18.037550543
VxLAN:146.193535542
VC:0.017445701
VNI:194.962157862
EPG:4.921002578
GBP:0.772235292
PBR:1.27544E-4
update model:364.904183017
NDD time:5.100267747
NDD node:2423040
BDD node:0
reach size:1222400
property check:8.7759894
total:373.680172417
memory:3839MB
