FW:19.159155865
VxLAN:150.433114452
VC:0.008249793
VNI:181.43322806
EPG:3.590058144
GBP:0.699203036
PBR:9.2891E-5
update model:355.323212901
NDD time:3.991554462
NDD node:2515840
BDD node:0
reach size:1222400
property check:7.313707878
total:362.636920779
memory:3391MB
