FW:18.180722132
VxLAN:136.017121699
VC:0.008583769
VNI:171.663229023
EPG:4.573937924
GBP:0.78194353
PBR:1.16219E-4
update model:331.225761663
NDD time:5.025515314
NDD node:2473600
BDD node:0
reach size:1222400
property check:8.552800403
total:339.778562066
memory:3839MB
