FW:14.396192511
VxLAN:139.881057891
VC:0.009009976
VNI:182.801710599
EPG:3.239540034
GBP:0.762260513
PBR:9.8348E-5
update model:341.089970626
NDD time:5.880656228
NDD node:2618880
BDD node:0
reach size:1222400
property check:9.442041041
total:350.532011667
memory:3839MB
