FW:17.42262718
VxLAN:146.782873682
VC:0.013315883
VNI:184.995243861
EPG:3.044433005
GBP:0.655314692
PBR:9.2321E-5
update model:352.914019465
NDD time:8.561925828
NDD node:2504960
BDD node:664
reach size:1222400
property check:10.778096419
total:363.692115884
memory:3839MB
