FW:13.277043301
VxLAN:129.457784819
VC:0.009853393
VNI:170.171142314
EPG:2.808311184
GBP:0.662085961
PBR:1.14541E-4
update model:316.386464557
NDD time:4.890567537
NDD node:2597120
BDD node:664
reach size:1222400
property check:8.454972053
total:324.84143661
memory:3839MB
