FW:19.681289012
VxLAN:130.829050675
VC:0.013933179
VNI:167.421940201
EPG:3.358219415
GBP:0.624280155
PBR:1.03498E-4
update model:321.92893041
NDD time:3.946725077
NDD node:2579840
BDD node:0
reach size:1222400
property check:7.233747492
total:329.162677902
memory:3391MB
