FW:20.872987743
VxLAN:149.451852393
VC:0.008056781
VNI:205.856671801
EPG:3.998192599
GBP:0.712439844
PBR:1.03516E-4
update model:380.900443083
NDD time:5.605277578
NDD node:2451840
BDD node:0
reach size:1222400
property check:9.639161184
total:390.539604267
memory:3391MB
