FW:17.367995572
VxLAN:127.028863963
VC:0.015380227
VNI:172.529494946
EPG:3.478070583
GBP:0.651496946
PBR:9.1571E-5
update model:321.071504838
NDD time:4.718452717
NDD node:2524800
BDD node:0
reach size:1222400
property check:8.147533919
total:329.219038757
memory:3391MB
