FW:17.606875509
VxLAN:146.351003908
VC:0.017210728
VNI:185.332313996
EPG:3.528788646
GBP:0.665692256
PBR:9.8808E-5
update model:353.502105154
NDD time:3.88705552
NDD node:2474240
BDD node:0
reach size:1222400
property check:7.196810368
total:360.698915522
memory:3391MB
