FW:15.761129495
VxLAN:137.729607751
VC:0.008075978
VNI:181.792761639
EPG:2.956187829
GBP:0.61574145
PBR:1.24777E-4
update model:338.863753914
NDD time:3.762332835
NDD node:2472960
BDD node:664
reach size:1222400
property check:7.096775809
total:345.960529723
memory:3839MB
