FW:18.023716165
VxLAN:130.745150643
VC:0.009135088
VNI:180.429444186
EPG:3.990303322
GBP:0.67941258
PBR:1.05073E-4
update model:333.87738533
NDD time:5.000634944
NDD node:2645120
BDD node:0
reach size:1222400
property check:8.39890113
total:342.27628646
memory:3391MB
