FW:17.052288742
VxLAN:141.626176037
VC:0.009528933
VNI:195.533108416
EPG:3.373758816
GBP:0.722847536
PBR:9.8214E-5
update model:358.317925539
NDD time:6.246023573
NDD node:2597120
BDD node:664
reach size:1222400
property check:9.775735918
total:368.093661457
memory:3839MB
