FW:18.624479548
VxLAN:130.426257992
VC:0.009893207
VNI:182.492890227
EPG:3.925927121
GBP:0.813453235
PBR:1.013E-4
update model:336.293115702
NDD time:5.877611754
NDD node:2592000
BDD node:0
reach size:1222400
property check:9.710986252
total:346.004101954
memory:3839MB
