FW:18.639374081
VxLAN:135.244113129
VC:0.013626175
VNI:173.703240143
EPG:3.437611575
GBP:0.790020754
PBR:1.28208E-4
update model:331.828250098
NDD time:4.021712425
NDD node:2520320
BDD node:0
reach size:1222400
property check:7.950385028
total:339.778635126
memory:3391MB
