FW:17.807958196
VxLAN:142.115129113
VC:0.016850405
VNI:189.479555059
EPG:4.084881104
GBP:0.995998817
PBR:2.25567E-4
update model:354.500719083
NDD time:5.841576102
NDD node:2585600
BDD node:0
reach size:1222400
property check:9.595256416
total:364.095975499
memory:3391MB
