FW:16.973129601
VxLAN:140.13317651
VC:0.010250475
VNI:186.729268019
EPG:3.670693109
GBP:0.711745822
PBR:9.2631E-5
update model:348.228466307
NDD time:4.296753076
NDD node:2624640
BDD node:0
reach size:1222400
property check:7.877158133
total:356.10562444
memory:3391MB
