FW:17.217200595
VxLAN:145.152526349
VC:0.008664968
VNI:181.456258511
EPG:3.073489086
GBP:0.665801836
PBR:9.7994E-5
update model:347.574161802
NDD time:5.115563274
NDD node:2599040
BDD node:664
reach size:1222400
property check:9.715630057
total:357.289791859
memory:3839MB
