FW:16.240445804
VxLAN:141.448413671
VC:0.010193116
VNI:181.146431496
EPG:3.340166741
GBP:0.63920053
PBR:9.0031E-5
update model:342.825049071
NDD time:3.892555236
NDD node:2474240
BDD node:0
reach size:1222400
property check:7.379617735
total:350.204666806
memory:3391MB
