FW:17.732431308
VxLAN:142.732595236
VC:0.01756351
VNI:181.879714825
EPG:3.373303561
GBP:0.736536971
PBR:9.9652E-5
update model:346.472364423
NDD time:4.236887032
NDD node:2592640
BDD node:0
reach size:1222400
property check:7.646013944
total:354.118378367
memory:3391MB
