FW:16.963876243
VxLAN:139.437602056
VC:0.00869712
VNI:190.602987119
EPG:3.102757976
GBP:0.792212217
PBR:1.21329E-4
update model:350.908371738
NDD time:4.754218866
NDD node:2546560
BDD node:664
reach size:1222400
property check:8.790389034
total:359.698760772
memory:3839MB
