FW:18.219266279
VxLAN:144.706588389
VC:0.009578597
VNI:191.863838029
EPG:3.103474644
GBP:0.712289557
PBR:9.8918E-5
update model:358.615238298
NDD time:4.286643268
NDD node:2401920
BDD node:0
reach size:1222400
property check:7.830948317
total:366.446186615
memory:3839MB
