FW:17.217108418
VxLAN:134.300843752
VC:0.009069339
VNI:180.397294247
EPG:3.310548954
GBP:0.631285909
PBR:1.00121E-4
update model:335.866366768
NDD time:4.137768332
NDD node:2592640
BDD node:0
reach size:1222400
property check:7.797684239
total:343.664051007
memory:3391MB
