FW:20.656235928
VxLAN:271.627657802
VC:0.004173165
VNI:251.904926868
EPG:4.707866097
GBP:0.228352811
PBR:1.44401E-4
update model:549.129508277
reach size:1848000
property check:7.603179551
total:556.732687828
memory:3815MB
