FW:18.32863322
VxLAN:132.334291342
VC:0.007996423
VNI:174.402084063
EPG:3.822994205
GBP:0.665135047
PBR:1.02418E-4
update model:329.561353588
NDD time:4.351997986
NDD node:2552320
BDD node:0
reach size:1222400
property check:7.935170817
total:337.496524405
memory:3391MB
