FW:13.310467884
VxLAN:139.426794696
VC:0.008969519
VNI:184.32737407
EPG:2.739064409
GBP:0.652496779
PBR:9.1864E-5
update model:340.465367549
NDD time:5.043243898
NDD node:2519680
BDD node:0
reach size:1222400
property check:8.366977582
total:348.832345131
memory:3839MB
