FW:13.750367141
VxLAN:124.522646457
VC:0.009025233
VNI:170.294215955
EPG:2.813232051
GBP:0.763569262
PBR:1.26663E-4
update model:312.153328332
NDD time:4.697779805
NDD node:2474240
BDD node:664
reach size:1222400
property check:8.422066179
total:320.575394511
memory:3839MB
