FW:17.971509487
VxLAN:142.940540219
VC:0.007854085
VNI:177.478289629
EPG:3.879614152
GBP:0.673353168
PBR:1.82728E-4
update model:342.951461031
NDD time:5.382785286
NDD node:2529280
BDD node:0
reach size:1222400
property check:8.680466049
total:351.63192708
memory:3391MB
