FW:19.688501309
VxLAN:151.440105196
VC:0.009146331
VNI:197.72927196
EPG:3.771372264
GBP:0.687930491
PBR:9.8953E-5
update model:373.326555915
NDD time:4.791152255
NDD node:2597120
BDD node:664
reach size:1222400
property check:8.852596164
total:382.179152079
memory:3839MB
