FW:15.929674637
VxLAN:125.696265218
VC:0.008211932
VNI:161.154064939
EPG:3.213648469
GBP:0.62188554
PBR:1.01187E-4
update model:306.623959733
NDD time:4.800081908
NDD node:2617600
BDD node:0
reach size:1222400
property check:8.168006883
total:314.791966616
memory:3391MB
