FW:16.39037045
VxLAN:131.732233957
VC:0.008466228
VNI:176.492412556
EPG:3.223566899
GBP:0.643692611
PBR:1.09572E-4
update model:328.490974388
NDD time:4.067309843
NDD node:2533760
BDD node:0
reach size:1222400
property check:7.484511972
total:335.97548636
memory:3391MB
