FW:19.17231051
VxLAN:146.653273437
VC:0.009549761
VNI:206.901113089
EPG:3.627194328
GBP:2.21683817
PBR:1.03785E-4
update model:378.580506984
NDD time:3.823027272
NDD node:2390400
BDD node:0
reach size:1222400
property check:7.453811266
total:386.03431825
memory:3839MB
