FW:14.297780062
VxLAN:139.407844528
VC:0.009519755
VNI:209.560390763
EPG:3.047141082
GBP:0.867264404
PBR:1.10253E-4
update model:367.190214018
NDD time:6.566273879
NDD node:2445440
BDD node:0
reach size:1222400
property check:10.384739706
total:377.574953724
memory:3839MB
