FW:17.895653015
VxLAN:131.056073506
VC:0.010276869
VNI:176.466343241
EPG:3.346796557
GBP:0.70720394
PBR:1.06831E-4
update model:329.482578983
NDD time:4.961885916
NDD node:2598400
BDD node:0
reach size:1222400
property check:9.116747422
total:338.599326405
memory:3391MB
