FW:14.66359674
VxLAN:143.581780177
VC:0.008934533
VNI:183.764392672
EPG:3.394220164
GBP:0.871955708
PBR:1.12779E-4
update model:346.285121421
NDD time:5.931725997
NDD node:2577280
BDD node:664
reach size:1222400
property check:9.354508799
total:355.63963022
memory:3839MB
