FW:13.251079459
VxLAN:138.121856126
VC:0.010279147
VNI:191.507723613
EPG:4.638304302
GBP:0.677152647
PBR:9.7009E-5
update model:348.206594945
NDD time:5.454906993
NDD node:2548480
BDD node:664
reach size:1222400
property check:8.835682169
total:357.042277114
memory:3839MB
