FW:17.475910384
VxLAN:146.665612483
VC:0.008853388
VNI:195.460549798
EPG:3.527491742
GBP:0.771686114
PBR:1.04867E-4
update model:363.910336229
NDD time:5.490822144
NDD node:2548480
BDD node:0
reach size:1222400
property check:9.114237449
total:373.024573678
memory:3839MB
