FW:17.805038407
VxLAN:142.83485853
VC:0.009489941
VNI:196.959605059
EPG:3.216863455
GBP:0.681903649
PBR:1.10363E-4
update model:361.507989059
NDD time:3.888242047
NDD node:2440960
BDD node:664
reach size:1222400
property check:7.281405625
total:368.789394684
memory:3839MB
