FW:17.72810845
VxLAN:130.114129858
VC:0.008097882
VNI:174.05393578
EPG:4.046837671
GBP:0.708504112
PBR:1.33418E-4
update model:326.659948601
NDD time:4.704893759
NDD node:2560640
BDD node:0
reach size:1222400
property check:8.36606
total:335.026008601
memory:3391MB
