FW:17.6689523
VxLAN:147.297035055
VC:0.008749987
VNI:185.421794082
EPG:4.738170463
GBP:0.70782791
PBR:8.5332E-5
update model:355.842709368
NDD time:4.797580349
NDD node:2474240
BDD node:0
reach size:1222400
property check:8.905768454
total:364.748477822
memory:3839MB
