FW:17.550905202
VxLAN:136.351229087
VC:0.009234727
VNI:172.532948997
EPG:4.024676395
GBP:0.760063133
PBR:1.0769E-4
update model:331.229289175
NDD time:4.371493838
NDD node:2445440
BDD node:0
reach size:1222400
property check:8.470415884
total:339.699705059
memory:3839MB
