FW:17.402904198
VxLAN:127.608864206
VC:0.007951281
VNI:162.573871174
EPG:2.606148998
GBP:0.573076179
PBR:1.1905E-4
update model:310.773050497
NDD time:3.66142724
NDD node:2504960
BDD node:664
reach size:1222400
property check:6.85509
total:317.628140497
memory:3839MB
