FW:17.155589048
VxLAN:142.208793571
VC:0.009097388
VNI:177.276312482
EPG:3.086154056
GBP:0.82283751
PBR:1.06135E-4
update model:340.559017891
NDD time:3.820737346
NDD node:2469760
BDD node:664
reach size:1222400
property check:7.519346885
total:348.078364776
memory:3839MB
