FW:19.376755454
VxLAN:146.473100435
VC:0.017874705
VNI:192.740088226
EPG:3.810312274
GBP:0.659369342
PBR:1.03213E-4
update model:363.077738325
NDD time:4.188161639
NDD node:2560640
BDD node:0
reach size:1222400
property check:8.026403469
total:371.104141794
memory:3391MB
