FW:18.129227584
VxLAN:132.862078087
VC:0.018400265
VNI:173.616426825
EPG:3.480658497
GBP:0.620122234
PBR:1.02339E-4
update model:328.727139092
NDD time:5.188495596
NDD node:2478720
BDD node:0
reach size:1222400
property check:8.929548943
total:337.656688035
memory:3391MB
