FW:17.383888051
VxLAN:128.773540291
VC:0.008077479
VNI:178.874664998
EPG:4.261592318
GBP:0.744723155
PBR:1.10386E-4
update model:330.046733807
NDD time:4.496353925
NDD node:2500480
BDD node:0
reach size:1222400
property check:8.193412952
total:338.240146759
memory:3391MB
