FW:17.050048561
VxLAN:135.896149012
VC:0.009054093
VNI:188.562226048
EPG:3.765550709
GBP:0.676004603
PBR:1.06498E-4
update model:345.959273843
NDD time:4.18928755
NDD node:2598400
BDD node:0
reach size:1222400
property check:7.696883896
total:353.656157739
memory:3391MB
