FW:16.140452288
VxLAN:126.697806973
VC:0.018652518
VNI:174.61402151
EPG:3.492828887
GBP:0.689308562
PBR:9.5752E-5
update model:321.653288163
NDD time:4.120686358
NDD node:2592640
BDD node:0
reach size:1222400
property check:7.53994334
total:329.193231503
memory:3391MB
