FW:18.789035713
VxLAN:142.043690883
VC:0.009219796
VNI:198.316456673
EPG:3.252266563
GBP:0.649896485
PBR:1.06976E-4
update model:363.060787158
NDD time:7.433066898
NDD node:2524800
BDD node:664
reach size:1222400
property check:11.412345082
total:374.47313224
memory:3839MB
