FW:17.185970675
VxLAN:142.607532028
VC:0.010361644
VNI:179.622143952
EPG:3.501390264
GBP:0.722580154
PBR:9.3356E-5
update model:343.650183034
NDD time:4.247360595
NDD node:2624640
BDD node:0
reach size:1222400
property check:7.565949853
total:351.216132887
memory:3391MB
