FW:13.821018479
VxLAN:144.43951507
VC:0.009535233
VNI:188.181486233
EPG:2.835183527
GBP:0.716046118
PBR:1.89083E-4
update model:350.003110076
NDD time:4.813900772
NDD node:2497920
BDD node:0
reach size:1222400
property check:8.121647707
total:358.124757783
memory:3839MB
