FW:18.063411248
VxLAN:142.484745046
VC:0.017874351
VNI:178.117573851
EPG:3.507010515
GBP:0.644280013
PBR:8.8785E-5
update model:342.835095529
NDD time:5.724908643
NDD node:2649600
BDD node:0
reach size:1222400
property check:9.240114154
total:352.075209683
memory:3391MB
