FW:20.119988111
VxLAN:141.342087754
VC:0.009509344
VNI:176.645132024
EPG:3.479822348
GBP:0.687739695
PBR:9.775E-5
update model:342.284492473
NDD time:4.088767523
NDD node:2624640
BDD node:0
reach size:1222400
property check:7.815653502
total:350.100145975
memory:3391MB
