FW:16.891045641
VxLAN:141.253498403
VC:0.008765206
VNI:181.223695011
EPG:2.818479467
GBP:0.685218509
PBR:9.5791E-5
update model:342.880899734
NDD time:4.050249962
NDD node:2542720
BDD node:664
reach size:1222400
property check:7.423503837
total:350.304403571
memory:3839MB
