FW:19.405857919
VxLAN:140.594594875
VC:0.00826001
VNI:172.187643964
EPG:3.684681607
GBP:0.856663101
PBR:1.39771E-4
update model:336.737978071
NDD time:4.009161147
NDD node:2579840
BDD node:0
reach size:1222400
property check:7.516851576
total:344.254829647
memory:3391MB
