FW:20.411149158
VxLAN:146.611144621
VC:0.009757571
VNI:196.996464216
EPG:3.526235672
GBP:0.693327924
PBR:1.06674E-4
update model:368.248310638
NDD time:5.363506958
NDD node:2585600
BDD node:0
reach size:1222400
property check:8.852538034
total:377.100848672
memory:3391MB
