FW:19.31015599
VxLAN:126.722023327
VC:0.007861935
VNI:165.658859351
EPG:3.630893266
GBP:0.748309025
PBR:1.06075E-4
update model:316.078328569
NDD time:4.162283858
NDD node:2624640
BDD node:0
reach size:1222400
property check:7.603648506
total:323.681977075
memory:3391MB
