FW:17.490310991
VxLAN:145.081347847
VC:0.009699777
VNI:189.533864442
EPG:3.793591403
GBP:0.75507957
PBR:2.7093E-4
update model:356.664297547
NDD time:4.603803223
NDD node:2592640
BDD node:0
reach size:1222400
property check:8.142210693
total:364.80650824
memory:3391MB
