FW:17.274476676
VxLAN:140.468906236
VC:0.009316517
VNI:191.234410705
EPG:3.091732398
GBP:0.632766837
PBR:9.2825E-5
update model:352.711817139
NDD time:5.308799229
NDD node:2577280
BDD node:664
reach size:1222400
property check:10.068198916
total:362.780016055
memory:3839MB
