FW:17.462485848
VxLAN:132.830291057
VC:0.008956314
VNI:172.13407895
EPG:3.280176011
GBP:0.752866973
PBR:1.09247E-4
update model:326.469085108
NDD time:4.12374255
NDD node:2544000
BDD node:0
reach size:1222400
property check:7.684704347
total:334.153789455
memory:3391MB
