FW:12.797702667
VxLAN:125.165284551
VC:0.009251683
VNI:162.19167349
EPG:2.596184415
GBP:0.911964432
PBR:9.7185E-5
update model:303.67227467
NDD time:4.780508564
NDD node:2476160
BDD node:664
reach size:1222400
property check:8.072595095
total:311.744869765
memory:3839MB
