FW:17.032739567
VxLAN:136.405645738
VC:0.008914172
VNI:183.23374299
EPG:3.646299183
GBP:0.677237729
PBR:1.03372E-4
update model:341.004810303
NDD time:5.471176725
NDD node:2603520
BDD node:0
reach size:1222400
property check:9.134611328
total:350.139421631
memory:3391MB
