FW:16.886928595
VxLAN:142.739843426
VC:0.008955883
VNI:193.757259345
EPG:3.647882593
GBP:0.762296461
PBR:1.25081E-4
update model:357.803408289
NDD time:4.656848284
NDD node:2624640
BDD node:0
reach size:1222400
property check:8.52116994
total:366.324578229
memory:3391MB
