FW:20.196212677
VxLAN:145.571530228
VC:0.011397942
VNI:190.014629597
EPG:3.067446934
GBP:0.661062151
PBR:9.3025E-5
update model:359.522484075
NDD time:7.21708281
NDD node:2693120
BDD node:664
reach size:1222400
property check:10.614800086
total:370.137284161
memory:3839MB
