FW:17.405283955
VxLAN:131.144996925
VC:0.008366278
VNI:174.668042263
EPG:3.401930589
GBP:0.6886578
PBR:1.12137E-4
update model:327.317512926
NDD time:3.92291853
NDD node:2561920
BDD node:0
reach size:1222400
property check:7.481468815
total:334.798981741
memory:3391MB
