FW:13.071803741
VxLAN:129.806043726
VC:0.008996945
VNI:171.389268767
EPG:2.781022096
GBP:0.699892475
PBR:1.07393E-4
update model:317.757251509
NDD time:6.373538566
NDD node:2373120
BDD node:0
reach size:1222400
property check:10.218262713
total:327.975514222
memory:3839MB
