FW:17.693339248
VxLAN:144.261613164
VC:0.011624435
VNI:191.571310036
EPG:3.1687541
GBP:0.724866255
PBR:8.8319E-5
update model:357.431726877
NDD time:6.02017004
NDD node:2442880
BDD node:0
reach size:1222400
property check:9.428543998
total:366.860270875
memory:3839MB
