FW:17.703698677
VxLAN:140.338204613
VC:0.008452367
VNI:183.536922283
EPG:3.482205196
GBP:0.658897512
PBR:9.7641E-5
update model:345.728598716
NDD time:4.851172466
NDD node:2544000
BDD node:0
reach size:1222400
property check:8.105086314
total:353.83368503
memory:3391MB
