FW:17.842553755
VxLAN:139.547197192
VC:0.008424334
VNI:180.606018696
EPG:3.611164095
GBP:0.657716608
PBR:9.2634E-5
update model:342.273284703
NDD time:5.445322175
NDD node:2561280
BDD node:0
reach size:1222400
property check:8.922453135
total:351.195737838
memory:3391MB
