FW:17.015641145
VxLAN:156.625764167
VC:0.01839368
VNI:189.484898544
EPG:3.674743755
GBP:0.696593786
PBR:9.9861E-5
update model:367.516264914
NDD time:4.352206042
NDD node:2419200
BDD node:0
reach size:1222400
property check:8.220316014
total:375.736580928
memory:3391MB
