FW:17.899571341
VxLAN:142.176555829
VC:0.011264099
VNI:183.191617468
EPG:4.332334487
GBP:0.724121098
PBR:1.11497E-4
update model:348.335690489
NDD time:4.873000935
NDD node:2504960
BDD node:664
reach size:1222400
property check:8.439938505
total:356.775628994
memory:3839MB
