FW:13.304007455
VxLAN:138.479500833
VC:0.008987234
VNI:178.2470706
EPG:2.828899648
GBP:0.694945907
PBR:8.8248E-5
update model:333.563621088
NDD time:6.950045814
NDD node:2524800
BDD node:0
reach size:1222400
property check:10.333054318
total:343.896675406
memory:3839MB
