FW:16.307367348
VxLAN:139.271430453
VC:0.008307361
VNI:194.624333074
EPG:3.717722894
GBP:0.716150904
PBR:1.0795E-4
update model:354.64554934
NDD time:5.535661208
NDD node:2677120
BDD node:0
reach size:1222400
property check:8.948846345
total:363.594395685
memory:3391MB
