FW:14.932296132
VxLAN:142.194415688
VC:0.009744677
VNI:181.929012871
EPG:2.869737908
GBP:0.672765057
PBR:9.4523E-5
update model:342.608192967
NDD time:5.191886954
NDD node:2471680
BDD node:0
reach size:1222400
property check:8.786269866
total:351.394462833
memory:3839MB
