FW:17.018968154
VxLAN:139.834144271
VC:0.008611322
VNI:183.941569962
EPG:2.819851599
GBP:0.626566103
PBR:8.984E-5
update model:344.24991336
NDD time:3.802992561
NDD node:2519040
BDD node:664
reach size:1222400
property check:7.212254095
total:351.462167455
memory:3839MB
