FW:18.513094239
VxLAN:131.911333823
VC:0.024885666
VNI:168.139958185
EPG:3.28999765
GBP:1.008896892
PBR:1.22049E-4
update model:322.888402438
NDD time:5.152447963
NDD node:2643200
BDD node:664
reach size:1222400
property check:10.015758366
total:332.904160804
memory:3839MB
