FW:17.686225749
VxLAN:142.882044646
VC:0.007535026
VNI:178.863436319
EPG:3.609236114
GBP:0.67726056
PBR:9.2269E-5
update model:343.725971072
NDD time:4.873790331
NDD node:2497920
BDD node:0
reach size:1222400
property check:8.214509425
total:351.940480497
memory:3391MB
