FW:17.320806732
VxLAN:129.1072764
VC:0.008548251
VNI:186.195535661
EPG:3.217086759
GBP:0.721213654
PBR:9.7874E-5
update model:336.570673717
NDD time:4.350709152
NDD node:2597120
BDD node:664
reach size:1222400
property check:8.221316924
total:344.791990641
memory:3839MB
