FW:17.406266719
VxLAN:141.997193334
VC:0.016091307
VNI:194.993986551
EPG:4.07899811
GBP:0.748848435
PBR:1.04008E-4
update model:359.241613165
NDD time:4.399689248
NDD node:2593920
BDD node:0
reach size:1222400
property check:7.86230206
total:367.103915225
memory:3391MB
