FW:18.342788961
VxLAN:145.79170467
VC:0.010423825
VNI:188.72202207
EPG:3.031686595
GBP:0.698806329
PBR:9.1303E-5
update model:356.597631037
NDD time:4.154617654
NDD node:2542720
BDD node:664
reach size:1222400
property check:7.898846835
total:364.496477872
memory:3839MB
