FW:17.133198548
VxLAN:128.063698827
VC:0.009669992
VNI:175.307934143
EPG:2.894117845
GBP:0.692491465
PBR:1.00147E-4
update model:324.101328655
NDD time:5.435346166
NDD node:2578560
BDD node:664
reach size:1222400
property check:8.948717591
total:333.050046246
memory:3839MB
