FW:14.435165839
VxLAN:135.18165123
VC:0.008915573
VNI:187.190520118
EPG:3.027704554
GBP:0.675236484
PBR:9.9203E-5
update model:340.519406528
NDD time:5.471224693
NDD node:2570240
BDD node:664
reach size:1222400
property check:8.802502369
total:349.321908897
memory:3839MB
