FW:8.533864053
VxLAN:42.44775265
VC:0.008088628
VNI:47.15147858
EPG:1.619264568
GBP:0.699954313
PBR:1.35916E-4
update model:100.460690792
NDD time:3.277511473
reach size:611200
property check:5.180136242
total:105.640827034
memory:2328MB
