FW:18.664617807
VxLAN:146.025584813
VC:0.010205808
VNI:193.854730711
EPG:3.491248248
GBP:0.634213942
PBR:1.0762E-4
update model:362.680818369
NDD time:4.78655943
NDD node:2649600
BDD node:0
reach size:1222400
property check:7.972735723
total:370.653554092
memory:3391MB
