FW:16.149958649
VxLAN:142.963554771
VC:0.011380033
VNI:183.445032626
EPG:3.142808234
GBP:0.672098362
PBR:9.8407E-5
update model:346.385060901
NDD time:3.901945388
NDD node:2551040
BDD node:664
reach size:1222400
property check:7.221640041
total:353.606700942
memory:3839MB
