FW:19.055284865
VxLAN:144.644100795
VC:0.010038757
VNI:191.180299366
EPG:4.778461143
GBP:0.723845218
PBR:9.9482E-5
update model:360.392245809
NDD time:3.690845611
NDD node:2399360
BDD node:0
reach size:1222400
property check:7.185771827
total:367.578017636
memory:3839MB
