FW:16.564544873
VxLAN:128.90332941
VC:0.010296924
VNI:183.778211923
EPG:3.581060221
GBP:0.66903689
PBR:9.4025E-5
update model:333.506701666
NDD time:4.156195526
NDD node:2560640
BDD node:0
reach size:1222400
property check:7.607978105
total:341.114679771
memory:3391MB
