FW:17.194178957
VxLAN:138.50316016
VC:0.008749124
VNI:179.073366446
EPG:3.057230753
GBP:0.631397032
PBR:9.5903E-5
update model:338.468327496
NDD time:4.045671591
NDD node:2532480
BDD node:664
reach size:1222400
property check:7.568135379
total:346.036462875
memory:3839MB
