FW:18.138814602
VxLAN:142.675892035
VC:0.010094276
VNI:199.790310892
EPG:3.594006648
GBP:0.750242071
PBR:1.0761E-4
update model:364.959588152
NDD time:7.002903517
NDD node:2616960
BDD node:664
reach size:1222400
property check:10.675139758
total:375.63472791
memory:3839MB
