FW:17.012617066
VxLAN:127.338879389
VC:0.008750881
VNI:177.19490084
EPG:3.136003501
GBP:0.752641529
PBR:9.0464E-5
update model:325.443980557
NDD time:4.508236246
NDD node:2481280
BDD node:664
reach size:1222400
property check:8.056761152
total:333.500741709
memory:3839MB
