FW:17.982991112
VxLAN:133.357740667
VC:0.024362484
VNI:176.794175251
EPG:3.434088381
GBP:0.695767185
PBR:1.70892E-4
update model:332.289414302
NDD time:4.877534949
NDD node:2578560
BDD node:0
reach size:1222400
property check:9.36535342
total:341.654767722
memory:3391MB
