FW:17.537743003
VxLAN:147.395113558
VC:0.008573732
VNI:183.028997716
EPG:2.982584727
GBP:0.701599183
PBR:8.8384E-5
update model:351.654812474
NDD time:4.444965101
NDD node:2520320
BDD node:664
reach size:1222400
property check:8.001560112
total:359.656372586
memory:3839MB
