FW:17.088584148
VxLAN:136.058463448
VC:0.02206178
VNI:171.725790312
EPG:3.437234668
GBP:0.774325343
PBR:1.34239E-4
update model:329.106705637
NDD time:4.495140705
NDD node:2579840
BDD node:0
reach size:1222400
property check:8.128706039
total:337.235411676
memory:3391MB
