FW:18.911177252
VxLAN:148.279192806
VC:0.008894769
VNI:190.905933323
EPG:3.62530662
GBP:0.948142198
PBR:1.13118E-4
update model:362.678871796
NDD time:6.383522592
NDD node:2599040
BDD node:664
reach size:1222400
property check:10.08366868
total:372.762540476
memory:3839MB
