FW:17.410419092
VxLAN:129.646615859
VC:0.009575342
VNI:171.238448788
EPG:3.570768938
GBP:0.692163126
PBR:1.08026E-4
update model:322.568224058
NDD time:5.038715137
NDD node:2607360
BDD node:0
reach size:1222400
property check:8.777825659
total:331.346049717
memory:3391MB
