FW:12.97722885
VxLAN:137.834860894
VC:0.00928767
VNI:183.159836676
EPG:2.801211089
GBP:0.658170281
PBR:9.3633E-5
update model:337.440827603
NDD time:5.07371545
NDD node:2546560
BDD node:664
reach size:1222400
property check:8.772706083
total:346.213533686
memory:3839MB
