FW:18.330641001
VxLAN:134.004984263
VC:0.009431008
VNI:175.880668944
EPG:3.076053339
GBP:0.800869214
PBR:1.22663E-4
update model:332.102906698
NDD time:5.133557332
NDD node:2597120
BDD node:664
reach size:1222400
property check:10.253868035
total:342.356774733
memory:3839MB
