FW:16.291162886
VxLAN:129.418177063
VC:0.009471218
VNI:178.587317286
EPG:3.522471803
GBP:0.674535394
PBR:9.478E-5
update model:328.503343405
NDD time:5.254874735
NDD node:2649600
BDD node:0
reach size:1222400
property check:8.602085442
total:337.105428847
memory:3391MB
