FW:16.715068472
VxLAN:144.02421538
VC:0.009456967
VNI:182.797396207
EPG:3.024398315
GBP:0.675836924
PBR:9.9443E-5
update model:347.246586627
NDD time:4.005829215
NDD node:2506240
BDD node:664
reach size:1222400
property check:7.348356169
total:354.594942796
memory:3839MB
