FW:17.789216996
VxLAN:148.101466181
VC:0.00843133
VNI:181.663916951
EPG:3.132999265
GBP:0.688766986
PBR:9.9733E-5
update model:351.385005272
NDD time:3.890615532
NDD node:2515840
BDD node:0
reach size:1222400
property check:7.367464656
total:358.752469928
memory:3391MB
