FW:14.209638859
VxLAN:142.426356095
VC:0.008936716
VNI:194.27272692
EPG:3.574949357
GBP:2.220434022
PBR:9.9179E-5
update model:356.713261995
NDD time:5.137186855
NDD node:2447360
BDD node:664
reach size:1222400
property check:8.646769644
total:365.360031639
memory:3839MB
