FW:16.775802777
VxLAN:136.238744833
VC:0.009172004
VNI:176.965000206
EPG:3.167957092
GBP:0.643989295
PBR:9.1847E-5
update model:333.800867199
NDD time:5.025448297
NDD node:2476160
BDD node:664
reach size:1222400
property check:8.399882135
total:342.200749334
memory:3839MB
