FW:13.458431391
VxLAN:134.358835062
VC:0.008964685
VNI:173.072629285
EPG:3.06292923
GBP:0.663516964
PBR:1.17266E-4
update model:324.625547228
NDD time:5.755513625
NDD node:2647040
BDD node:664
reach size:1222400
property check:9.42562004
total:334.051167268
memory:3839MB
