FW:17.920898988
VxLAN:146.028246313
VC:0.012620405
VNI:191.485724997
EPG:2.999951997
GBP:0.660825503
PBR:9.6334E-5
update model:359.108480171
NDD time:4.345311337
NDD node:2532480
BDD node:664
reach size:1222400
property check:9.429795418
total:368.538275589
memory:3839MB
