FW:18.170836483
VxLAN:148.088888168
VC:0.013602539
VNI:232.762054277
EPG:3.832584093
GBP:0.752870484
PBR:9.659E-5
update model:403.621075451
NDD time:4.455677929
NDD node:2511360
BDD node:0
reach size:1222400
property check:8.214866084
total:411.835941535
memory:3391MB
