FW:18.149964246
VxLAN:137.566345325
VC:0.01146289
VNI:184.72105715
EPG:3.051133065
GBP:0.665238664
PBR:9.1191E-5
update model:344.165405543
NDD time:4.919011301
NDD node:2552320
BDD node:664
reach size:1222400
property check:8.524593832
total:352.689999375
memory:3839MB
