FW:17.996917863
VxLAN:138.727598791
VC:0.00978541
VNI:172.157381014
EPG:3.469984189
GBP:0.675468017
PBR:1.18887E-4
update model:333.037363418
NDD time:3.93910798
NDD node:2592640
BDD node:0
reach size:1222400
property check:7.611641371
total:340.649004789
memory:3391MB
