FW:17.21076352
VxLAN:134.137518729
VC:0.008986816
VNI:171.359670416
EPG:3.730178996
GBP:0.686057665
PBR:1.1078E-4
update model:327.133418275
NDD time:5.271872609
NDD node:2442880
BDD node:0
reach size:1222400
property check:9.014769352
total:336.148187627
memory:3391MB
