FW:15.780094294
VxLAN:135.585695294
VC:0.008946703
VNI:182.830481303
EPG:3.312082604
GBP:0.68028209
PBR:9.7637E-5
update model:338.197820225
NDD time:5.128073549
NDD node:2399360
BDD node:0
reach size:1222400
property check:8.855864214
total:347.053684439
memory:3839MB
