FW:18.09144143
VxLAN:146.151778564
VC:0.017954748
VNI:183.879567148
EPG:3.552652147
GBP:0.671261553
PBR:9.8742E-5
update model:352.364879108
NDD time:4.373190154
NDD node:2624640
BDD node:0
reach size:1222400
property check:7.735288129
total:360.100167237
memory:3391MB
