FW:22.548641272
VxLAN:142.014330233
VC:0.01075765
VNI:197.333146772
EPG:3.454077184
GBP:0.6850372
PBR:9.5577E-5
update model:366.046205048
NDD time:3.819334561
NDD node:2488320
BDD node:0
reach size:1222400
property check:7.526818817
total:373.573023865
memory:3391MB
