FW:19.750341447
VxLAN:156.411485182
VC:0.015210803
VNI:187.228280461
EPG:3.712314996
GBP:0.699982238
PBR:9.7276E-5
update model:367.817845259
NDD time:4.44030607
NDD node:2465280
BDD node:0
reach size:1222400
property check:8.326136935
total:376.143982194
memory:3391MB
