FW:35.321052148
VxLAN:490.321034333
VC:0.008493544
VNI:779.486616116
EPG:9.629082029
GBP:0.729773917
PBR:1.04558E-4
update model:1315.496284528
NDD time:12.459539697
reach size:2444800
property check:19.512731261
total:1335.009015789
memory:6416MB
