FW:16.553992956
VxLAN:135.127051229
VC:0.008724243
VNI:177.405912133
EPG:3.608384781
GBP:0.721836783
PBR:2.58941E-4
update model:333.426318796
NDD time:4.925216247
NDD node:2624640
BDD node:0
reach size:1222400
property check:8.838087135
total:342.264405931
memory:3391MB
