FW:18.923855468
VxLAN:142.67582079
VC:0.008846724
VNI:181.744172861
EPG:3.944320398
GBP:0.763010179
PBR:9.9102E-5
update model:348.060245943
NDD time:5.645057335
NDD node:2621440
BDD node:0
reach size:1222400
property check:9.27535768
total:357.335603623
memory:3391MB
