FW:18.337148026
VxLAN:132.377188709
VC:0.010747857
VNI:177.699607634
EPG:3.708813966
GBP:0.87217985
PBR:1.295E-4
update model:333.005996235
NDD time:5.738406866
NDD node:2594560
BDD node:0
reach size:1222400
property check:9.839658805
total:342.84565504
memory:3391MB
