FW:18.564316242
VxLAN:146.449064362
VC:0.009690752
VNI:203.925979234
EPG:3.680949403
GBP:0.675757213
PBR:1.00186E-4
update model:373.30596895
NDD time:3.746250047
NDD node:2480000
BDD node:0
reach size:1222400
property check:7.27129677
total:380.57726572
memory:3391MB
