FW:0.484085801
VxLAN:0.537232148
VC:0.014450591
VNI:0.319538561
EPG:0.061541575
GBP:0.695872604
PBR:9.65307E-4
update model:2.113900237
NDD time:2.78698177
NDD node:345600
BDD node:0
reach size:12224
property check:3.240918929
total:5.354819166
memory:1226MB
