FW:13.275909298
VxLAN:140.621420707
VC:0.008712529
VNI:171.067421779
EPG:2.637510941
GBP:0.63758817
PBR:9.5823E-5
update model:328.248785223
NDD time:5.952196815
NDD node:2373120
BDD node:0
reach size:1222400
property check:9.335692564
total:337.584477787
memory:3839MB
