FW:16.652835059
VxLAN:140.123928921
VC:0.009269657
VNI:185.096887225
EPG:2.900420935
GBP:0.692606185
PBR:9.8738E-5
update model:345.47614682
NDD time:4.638835185
NDD node:2598400
BDD node:664
reach size:1222400
property check:8.26778621
total:353.74393303
memory:3839MB
