FW:17.973117521
VxLAN:126.184072156
VC:0.008106212
VNI:187.487602124
EPG:3.641809493
GBP:0.648871949
PBR:1.40114E-4
update model:335.943849174
NDD time:4.022647577
NDD node:2533760
BDD node:0
reach size:1222400
property check:7.691161604
total:343.635010778
memory:3391MB
