FW:18.304440638
VxLAN:135.639190969
VC:0.020437616
VNI:177.446138163
EPG:3.405462073
GBP:0.719444927
PBR:1.0971E-4
update model:335.535337463
NDD time:4.236676372
NDD node:2511360
BDD node:0
reach size:1222400
property check:8.002231859
total:343.537569322
memory:3391MB
