FW:18.056945986
VxLAN:140.694769676
VC:0.014028669
VNI:174.809539199
EPG:3.49297068
GBP:0.70831558
PBR:9.265E-5
update model:337.776768012
NDD time:4.17827638
NDD node:2560640
BDD node:0
reach size:1222400
property check:7.53488059
total:345.311648602
memory:3391MB
