FW:16.665109816
VxLAN:143.36963892
VC:0.009282216
VNI:201.407822057
EPG:3.605585455
GBP:0.665192301
PBR:9.884E-5
update model:365.722850917
NDD time:5.625577649
NDD node:2649600
BDD node:0
reach size:1222400
property check:9.502829249
total:375.225680166
memory:3391MB
