FW:19.057480065
VxLAN:146.171599956
VC:0.009314113
VNI:195.617199597
EPG:3.172900864
GBP:0.699065481
PBR:9.5555E-5
update model:364.727785003
NDD time:4.896051796
NDD node:2454400
BDD node:0
reach size:1222400
property check:9.759970326
total:374.487755329
memory:3839MB
