FW:18.271358269
VxLAN:144.165814984
VC:0.010188264
VNI:170.954457159
EPG:3.546277027
GBP:0.684043458
PBR:1.01898E-4
update model:337.63234485
NDD time:4.051751618
NDD node:2624640
BDD node:0
reach size:1222400
property check:7.495115527
total:345.127460377
memory:3391MB
