FW:18.203287036
VxLAN:133.97573927
VC:0.009454249
VNI:178.441154277
EPG:3.590491106
GBP:0.687830337
PBR:1.01787E-4
update model:334.908179318
NDD time:4.462008055
NDD node:2593920
BDD node:0
reach size:1222400
property check:8.111112274
total:343.019291592
memory:3391MB
