FW:17.986949142
VxLAN:142.360262654
VC:0.017262601
VNI:184.733696936
EPG:3.504391305
GBP:0.724385076
PBR:1.01967E-4
update model:349.327175558
NDD time:5.348293929
NDD node:2677120
BDD node:0
reach size:1222400
property check:8.595065414
total:357.922240972
memory:3391MB
