FW:12.784282693
VxLAN:141.30031306
VC:0.009204426
VNI:162.137641062
EPG:2.624188315
GBP:0.686540396
PBR:9.3254E-5
update model:319.542384306
NDD time:6.303335372
NDD node:2693120
BDD node:664
reach size:1222400
property check:9.311423998
total:328.853808304
memory:3839MB
