FW:17.374242669
VxLAN:127.8166835
VC:0.00808598
VNI:171.714133647
EPG:3.530178149
GBP:0.707450727
PBR:1.07682E-4
update model:321.150990885
NDD time:5.679817501
NDD node:2649600
BDD node:0
reach size:1222400
property check:9.302906918
total:330.453897803
memory:3391MB
