FW:13.20253848
VxLAN:136.526824985
VC:0.009943441
VNI:184.689791028
EPG:2.910063515
GBP:0.686852743
PBR:9.7261E-5
update model:338.02623385
NDD time:5.560119051
NDD node:2449920
BDD node:0
reach size:1222400
property check:9.28356823
total:347.30980208
memory:3839MB
