FW:17.171184088
VxLAN:139.428122336
VC:0.008510971
VNI:189.609290142
EPG:3.268042049
GBP:0.698032162
PBR:9.2937E-5
update model:350.183396824
NDD time:5.865981089
NDD node:2597120
BDD node:664
reach size:1222400
property check:9.26940518
total:359.452802004
memory:3839MB
