FW:17.483519829
VxLAN:140.929802101
VC:0.009130263
VNI:189.084216939
EPG:3.639247247
GBP:0.814255654
PBR:9.9825E-5
update model:351.960385895
NDD time:5.617593596
NDD node:2535040
BDD node:0
reach size:1222400
property check:9.448024867
total:361.408410762
memory:3391MB
