FW:14.855132255
VxLAN:132.240693388
VC:0.009923632
VNI:183.730981231
EPG:4.207511927
GBP:0.766368691
PBR:1.05773E-4
update model:335.810824441
NDD time:5.843207802
NDD node:2643200
BDD node:664
reach size:1222400
property check:9.337994742
total:345.148819183
memory:3839MB
