FW:17.887940937
VxLAN:140.904836177
VC:0.018051624
VNI:181.741029756
EPG:3.49377288
GBP:0.6829028
PBR:9.7174E-5
update model:344.728747284
NDD time:6.133079866
NDD node:2653440
BDD node:0
reach size:1222400
property check:9.806507435
total:354.535254719
memory:3391MB
