FW:18.381307382
VxLAN:130.144123649
VC:0.008686423
VNI:177.468636336
EPG:3.180980792
GBP:0.726280678
PBR:9.2743E-5
update model:329.910195967
NDD time:6.00695071
NDD node:2643200
BDD node:664
reach size:1222400
property check:9.949175488
total:339.859371455
memory:3839MB
