FW:17.867669373
VxLAN:133.644323276
VC:0.007081553
VNI:171.329874917
EPG:3.528115091
GBP:0.667407786
PBR:1.0558E-4
update model:327.044711107
NDD time:6.150493637
NDD node:2645120
BDD node:0
reach size:1222400
property check:10.062511639
total:337.107222746
memory:3391MB
