FW:17.752678382
VxLAN:148.850150667
VC:0.009007114
VNI:209.761736965
EPG:3.909195715
GBP:0.722829564
PBR:1.11837E-4
update model:381.005857999
NDD time:6.012074766
NDD node:2520320
BDD node:0
reach size:1222400
property check:9.821470911
total:390.82732891
memory:3391MB
