FW:17.23625364
VxLAN:132.705264939
VC:0.009482208
VNI:176.07196537
EPG:3.024821059
GBP:0.715272784
PBR:1.20814E-4
update model:329.763305747
NDD time:4.434597859
NDD node:2496000
BDD node:0
reach size:1222400
property check:8.048006347
total:337.811312094
memory:3839MB
