FW:18.062077887
VxLAN:141.660597892
VC:0.009315451
VNI:160.94726726
EPG:3.407200828
GBP:0.706078261
PBR:1.28374E-4
update model:324.792789657
NDD time:4.326811055
NDD node:2624640
BDD node:0
reach size:1222400
property check:7.932830898
total:332.725620555
memory:3391MB
