FW:17.312365186
VxLAN:130.475632664
VC:0.012061227
VNI:194.208191703
EPG:3.683123773
GBP:0.687936285
PBR:9.578E-5
update model:346.379519463
NDD time:4.07762773
NDD node:2552320
BDD node:0
reach size:1222400
property check:7.425497758
total:353.805017221
memory:3391MB
