FW:19.256700956
VxLAN:130.985926324
VC:0.010109426
VNI:181.586410298
EPG:3.488237972
GBP:0.658781483
PBR:1.06827E-4
update model:335.986398872
NDD time:6.820534625
NDD node:2647040
BDD node:664
reach size:1222400
property check:10.340782144
total:346.327181016
memory:3839MB
