FW:18.919390345
VxLAN:146.309497322
VC:0.011719618
VNI:195.830573126
EPG:3.800780629
GBP:0.71213534
PBR:1.04411E-4
update model:365.584322737
NDD time:5.805411897
NDD node:2617600
BDD node:0
reach size:1222400
property check:10.104609897
total:375.688932634
memory:3391MB
