FW:16.127191755
VxLAN:139.878372656
VC:0.009586009
VNI:178.692733257
EPG:2.833253375
GBP:0.651105407
PBR:1.00398E-4
update model:338.19246599
NDD time:4.945265149
NDD node:2449280
BDD node:0
reach size:1222400
property check:8.572960174
total:346.765426164
memory:3839MB
