FW:18.498960173
VxLAN:145.680730127
VC:0.00894521
VNI:170.071070245
EPG:3.177560485
GBP:0.817584627
PBR:1.30716E-4
update model:338.255114076
NDD time:6.634101787
NDD node:2618880
BDD node:0
reach size:1222400
property check:10.099262039
total:348.354376115
memory:3839MB
