FW:18.552157089
VxLAN:145.616459177
VC:0.009239363
VNI:193.968797762
EPG:3.600327349
GBP:0.682355705
PBR:1.10499E-4
update model:362.429599329
NDD time:5.372706234
NDD node:2539520
BDD node:0
reach size:1222400
property check:9.509625252
total:371.939224581
memory:3391MB
