FW:17.021718132
VxLAN:126.275831726
VC:0.008508609
VNI:176.891064183
EPG:3.406998804
GBP:0.768153196
PBR:1.0726E-4
update model:324.37250455
NDD time:3.921060307
NDD node:2544000
BDD node:0
reach size:1222400
property check:7.34180163
total:331.71430618
memory:3391MB
