FW:18.232201489
VxLAN:132.234242516
VC:0.016584507
VNI:174.880346675
EPG:3.803785551
GBP:0.648665324
PBR:1.0421E-4
update model:329.816046465
NDD time:4.124687851
NDD node:2624640
BDD node:0
reach size:1222400
property check:7.710529858
total:337.526576323
memory:3391MB
