FW:14.364325641
VxLAN:129.423833181
VC:0.009559393
VNI:163.819576687
EPG:2.632263564
GBP:0.686386194
PBR:8.9851E-5
update model:310.936134505
NDD time:4.783185953
NDD node:2616960
BDD node:664
reach size:1222400
property check:8.187601418
total:319.123735923
memory:3839MB
