FW:18.572694437
VxLAN:129.835706857
VC:0.008172825
VNI:165.529196419
EPG:3.592356173
GBP:0.699131569
PBR:1.36342E-4
update model:318.237505313
NDD time:6.011788801
NDD node:2594560
BDD node:0
reach size:1222400
property check:9.400466954
total:327.637972267
memory:3391MB
