FW:17.498850478
VxLAN:141.641872503
VC:0.015160385
VNI:181.798259767
EPG:3.604332614
GBP:0.799737153
PBR:1.14606E-4
update model:345.358448476
NDD time:5.864557115
NDD node:2677120
BDD node:0
reach size:1222400
property check:9.336738385
total:354.695186861
memory:3391MB
