FW:15.224640415
VxLAN:142.323536366
VC:0.020283277
VNI:178.420293834
EPG:2.799134275
GBP:0.648910679
PBR:9.8576E-5
update model:339.43701573
NDD time:4.650323821
NDD node:2423040
BDD node:0
reach size:1222400
property check:9.451183812
total:348.888199542
memory:3839MB
