FW:12.381775955
VxLAN:133.633920718
VC:0.009373088
VNI:171.898897108
EPG:2.711113142
GBP:0.680074546
PBR:1.02399E-4
update model:321.315369708
NDD time:6.658962075
NDD node:2496000
BDD node:0
reach size:1222400
property check:10.275925735
total:331.591295443
memory:3839MB
