FW:13.770116778
VxLAN:126.725493752
VC:0.009559652
VNI:172.842767434
EPG:2.933265277
GBP:0.840878913
PBR:1.36599E-4
update model:317.122369285
NDD time:7.425870163
NDD node:2623360
BDD node:664
reach size:1222400
property check:11.081133551
total:328.203502836
memory:3839MB
