FW:20.246394028
VxLAN:129.256309752
VC:0.007254707
VNI:166.570054194
EPG:3.493161444
GBP:0.669573032
PBR:1.25966E-4
update model:320.243003091
NDD time:4.100309527
NDD node:2469760
BDD node:0
reach size:1222400
property check:7.631816596
total:327.874819687
memory:3391MB
