FW:13.636137504
VxLAN:132.221731593
VC:0.014256957
VNI:174.66930798
EPG:2.806707402
GBP:0.650952759
PBR:1.02397E-4
update model:323.999310085
NDD time:4.670876243
NDD node:2423680
BDD node:664
reach size:1222400
property check:8.026568623
total:332.025878708
memory:3839MB
