FW:17.667070632
VxLAN:141.769057987
VC:0.012035534
VNI:195.940099841
EPG:3.487568297
GBP:0.733026507
PBR:1.01556E-4
update model:359.60907609
NDD time:4.046905391
NDD node:2423680
BDD node:664
reach size:1222400
property check:8.006784991
total:367.615861081
memory:3839MB
