FW:18.326458222
VxLAN:154.113229578
VC:0.016583288
VNI:198.212156032
EPG:3.511110012
GBP:0.632204557
PBR:9.7168E-5
update model:374.811946322
NDD time:3.946912729
NDD node:2488320
BDD node:0
reach size:1222400
property check:7.657607009
total:382.469553331
memory:3391MB
