FW:17.256240324
VxLAN:140.087800411
VC:0.008678268
VNI:185.672796515
EPG:3.134233433
GBP:0.724119421
PBR:9.0071E-5
update model:346.884060574
NDD time:5.374888957
NDD node:2622080
BDD node:664
reach size:1222400
property check:8.77858735
total:355.662647924
memory:3839MB
