FW:17.563693095
VxLAN:144.645378884
VC:0.008524246
VNI:190.286226458
EPG:3.597904637
GBP:0.673689828
PBR:1.07664E-4
update model:356.775644788
NDD time:6.342495927
NDD node:2645120
BDD node:0
reach size:1222400
property check:10.197546541
total:366.973191329
memory:3391MB
