FW:18.708513985
VxLAN:150.418630169
VC:0.008559277
VNI:189.142248768
EPG:3.127089275
GBP:0.90062252
PBR:9.3105E-5
update model:362.30585978
NDD time:6.254877329
NDD node:2549120
BDD node:664
reach size:1222400
property check:10.295358232
total:372.601218012
memory:3839MB
