FW:18.327315243
VxLAN:132.824499611
VC:0.009897037
VNI:189.876899192
EPG:4.240339512
GBP:1.161916307
PBR:1.1281E-4
update model:346.441109001
NDD time:6.417727988
NDD node:2549120
BDD node:664
reach size:1222400
property check:10.473869856
total:356.914978857
memory:3839MB
