FW:13.241408971
VxLAN:153.153354603
VC:0.010339882
VNI:189.970915202
EPG:2.766498427
GBP:0.637907807
PBR:9.0715E-5
update model:359.78064094
NDD time:4.847983631
NDD node:2495360
BDD node:0
reach size:1222400
property check:8.280420077
total:368.061061017
memory:3839MB
