FW:21.240482852
VxLAN:144.549749722
VC:0.009250753
VNI:199.174917258
EPG:3.705642316
GBP:0.696083351
PBR:9.4356E-5
update model:369.37635323
NDD time:4.20280045
NDD node:2500480
BDD node:0
reach size:1222400
property check:8.012467205
total:377.388820435
memory:3391MB
