FW:17.697777536
VxLAN:130.636563161
VC:0.008608903
VNI:168.421334373
EPG:3.386733694
GBP:0.683738058
PBR:1.05468E-4
update model:320.834984626
NDD time:3.843033114
NDD node:2598400
BDD node:0
reach size:1222400
property check:7.157335056
total:327.992319682
memory:3391MB
