FW:18.857542635
VxLAN:146.189882479
VC:0.00976057
VNI:199.552392186
EPG:3.085052799
GBP:1.981136981
PBR:1.18638E-4
update model:369.676014168
NDD time:5.773034019
NDD node:2570240
BDD node:664
reach size:1222400
property check:9.648078228
total:379.324092396
memory:3839MB
