FW:17.368582148
VxLAN:147.039609171
VC:0.008584625
VNI:188.402276396
EPG:4.36280862
GBP:0.714710429
PBR:9.4794E-5
update model:357.896765036
NDD time:4.032104269
NDD node:2520320
BDD node:664
reach size:1222400
property check:7.331824191
total:365.228589227
memory:3839MB
