FW:15.977406669
VxLAN:127.713037094
VC:0.010214301
VNI:174.348281925
EPG:3.486022766
GBP:0.677009472
PBR:1.06679E-4
update model:322.212209852
NDD time:4.032099991
NDD node:2624640
BDD node:0
reach size:1222400
property check:7.253493995
total:329.465703847
memory:3391MB
