FW:17.118763624
VxLAN:141.645713922
VC:0.009537845
VNI:188.216173645
EPG:3.05694095
GBP:0.64903812
PBR:9.6735E-5
update model:350.696369165
NDD time:4.359196461
NDD node:2551040
BDD node:664
reach size:1222400
property check:7.830790005
total:358.52715917
memory:3839MB
