FW:16.250604663
VxLAN:128.786713115
VC:0.007894664
VNI:167.727023858
EPG:3.01229685
GBP:0.638392374
PBR:1.1298E-4
update model:316.423169339
NDD time:4.806274671
NDD node:2575360
BDD node:664
reach size:1222400
property check:8.352607881
total:324.77577722
memory:3839MB
