FW:14.297328295
VxLAN:129.634421499
VC:0.008366739
VNI:177.645714129
EPG:2.934200109
GBP:0.683178887
PBR:1.01945E-4
update model:325.203412169
NDD time:5.088315332
NDD node:2643200
BDD node:664
reach size:1222400
property check:8.640622058
total:333.844034227
memory:3839MB
