FW:19.056089109
VxLAN:144.851710149
VC:0.008234082
VNI:191.018583094
EPG:3.63710262
GBP:0.663846974
PBR:9.533E-5
update model:359.235772956
NDD time:5.410127265
NDD node:2603520
BDD node:0
reach size:1222400
property check:8.814716943
total:368.050489899
memory:3391MB
