FW:17.43004922
VxLAN:139.971584758
VC:0.009215964
VNI:184.783702057
EPG:4.752269447
GBP:0.732907099
PBR:1.01177E-4
update model:347.679945122
NDD time:3.55077261
NDD node:2390400
BDD node:0
reach size:1222400
property check:6.955389671
total:354.635334793
memory:3839MB
