FW:18.152323812
VxLAN:134.729376044
VC:0.00865621
VNI:177.799058366
EPG:2.950057044
GBP:0.63007508
PBR:9.726E-5
update model:334.26974996
NDD time:3.762135892
NDD node:2440960
BDD node:664
reach size:1222400
property check:7.362439976
total:341.632189936
memory:3839MB
