FW:16.737846337
VxLAN:142.023506113
VC:0.008378082
VNI:183.087808557
EPG:3.622024119
GBP:0.670282165
PBR:8.9687E-5
update model:346.150047986
NDD time:3.779386621
NDD node:2442240
BDD node:0
reach size:1222400
property check:7.249722802
total:353.399770788
memory:3391MB
