FW:18.205643673
VxLAN:126.766874003
VC:0.008386073
VNI:170.164420814
EPG:3.378383796
GBP:0.639161253
PBR:9.5957E-5
update model:319.163073211
NDD time:4.136119664
NDD node:2532480
BDD node:0
reach size:1222400
property check:7.886727115
total:327.049800326
memory:3391MB
