FW:17.90607365
VxLAN:144.539970018
VC:0.008876465
VNI:181.099300217
EPG:3.539248945
GBP:0.657391066
PBR:9.3145E-5
update model:347.751065141
NDD time:3.753061651
NDD node:2468480
BDD node:0
reach size:1222400
property check:7.083191246
total:354.834256387
memory:3391MB
