FW:17.050074146
VxLAN:133.459336374
VC:0.008544684
VNI:176.568826235
EPG:3.975164515
GBP:0.674534653
PBR:1.03232E-4
update model:331.736703254
NDD time:4.461067507
NDD node:2578560
BDD node:0
reach size:1222400
property check:8.263696398
total:340.000399652
memory:3391MB
