FW:17.133472712
VxLAN:130.128850715
VC:0.009011868
VNI:165.709052478
EPG:4.961525269
GBP:0.682616853
PBR:9.9193E-5
update model:318.624733083
NDD time:4.393777393
NDD node:2430720
BDD node:0
reach size:1222400
property check:7.921527311
total:326.546260394
memory:3839MB
