FW:17.676406761
VxLAN:142.661335316
VC:0.01045585
VNI:183.784733549
EPG:3.207192389
GBP:0.745818384
PBR:8.9568E-5
update model:348.086133361
NDD time:5.299551478
NDD node:2572800
BDD node:664
reach size:1222400
property check:8.622370509
total:356.70850387
memory:3839MB
