FW:19.372113278
VxLAN:145.502387175
VC:0.014018942
VNI:179.75833287
EPG:2.989218891
GBP:0.730065632
PBR:9.1024E-5
update model:348.366325104
NDD time:4.068667949
NDD node:2430720
BDD node:0
reach size:1222400
property check:7.493126739
total:355.859451843
memory:3839MB
