FW:16.437744055
VxLAN:129.504634469
VC:0.010123969
VNI:173.655061566
EPG:3.846610223
GBP:0.668227048
PBR:1.73493E-4
update model:324.12275345
NDD time:4.131785572
NDD node:2436480
BDD node:0
reach size:1222400
property check:7.88192715
total:332.0046806
memory:3391MB
