FW:17.993375088
VxLAN:145.129246952
VC:0.008419614
VNI:178.407726916
EPG:3.541059096
GBP:0.672585348
PBR:9.0173E-5
update model:345.752639229
NDD time:5.314141378
NDD node:2653440
BDD node:0
reach size:1222400
property check:8.764713017
total:354.517352246
memory:3391MB
