FW:18.814213289
VxLAN:142.582209563
VC:0.017847947
VNI:200.224082154
EPG:3.73183156
GBP:0.717263043
PBR:9.5889E-5
update model:366.087666319
NDD time:5.881770258
NDD node:2649600
BDD node:0
reach size:1222400
property check:9.76783098
total:375.855497299
memory:3391MB
