FW:18.459116373
VxLAN:145.149502222
VC:0.010485481
VNI:197.38607916
EPG:3.551166348
GBP:0.698538822
PBR:9.8279E-5
update model:365.255097029
NDD time:4.285592806
NDD node:2624640
BDD node:0
reach size:1222400
property check:7.64695823
total:372.902055259
memory:3391MB
