FW:13.433406018
VxLAN:145.674096923
VC:0.009284782
VNI:181.848663789
EPG:2.839288434
GBP:0.691550879
PBR:8.839E-5
update model:344.496488685
NDD time:5.399405226
NDD node:2666880
BDD node:664
reach size:1222400
property check:10.522704678
total:355.019193363
memory:3839MB
