FW:18.261829985
VxLAN:147.537073042
VC:0.017482451
VNI:192.315748527
EPG:3.55565039
GBP:0.75066953
PBR:1.0626E-4
update model:362.43870699
NDD time:4.051475553
NDD node:2593920
BDD node:0
reach size:1222400
property check:7.422380048
total:369.861087038
memory:3391MB
