FW:18.131757592
VxLAN:141.484353353
VC:0.010105094
VNI:190.33684537
EPG:3.995962597
GBP:0.689728516
PBR:1.10571E-4
update model:354.648999315
NDD time:4.234024263
NDD node:2560640
BDD node:0
reach size:1222400
property check:7.938467682
total:362.587466997
memory:3391MB
