FW:17.04916447
VxLAN:140.945978448
VC:0.015308474
VNI:184.404686609
EPG:4.005149471
GBP:0.872552244
PBR:1.13603E-4
update model:347.293067314
NDD time:4.821792876
NDD node:2592640
BDD node:0
reach size:1222400
property check:8.749478388
total:356.042545702
memory:3391MB
