FW:14.537820095
VxLAN:144.181430463
VC:0.01051888
VNI:189.147146626
EPG:2.760031517
GBP:0.680697998
PBR:9.4005E-5
update model:351.317883555
NDD time:4.892257746
NDD node:2476160
BDD node:0
reach size:1222400
property check:9.645253897
total:360.963137452
memory:3839MB
