FW:17.782612361
VxLAN:132.111903786
VC:0.008898888
VNI:160.375704765
EPG:2.839232304
GBP:0.621181397
PBR:9.1445E-5
update model:313.73973008
NDD time:6.304827566
NDD node:2529920
BDD node:664
reach size:1222400
property check:9.580754544
total:323.320484624
memory:3839MB
