FW:13.567716648
VxLAN:134.955361553
VC:0.009052241
VNI:169.589087903
EPG:2.933168409
GBP:0.754223975
PBR:1.10253E-4
update model:321.808833805
NDD time:5.144742238
NDD node:2396800
BDD node:0
reach size:1222400
property check:8.7879884
total:330.596822205
memory:3839MB
