FW:17.974030903
VxLAN:142.169888788
VC:0.007718876
VNI:183.090051412
EPG:3.587601265
GBP:0.681657717
PBR:9.3881E-5
update model:347.511150855
NDD time:4.275504235
NDD node:2515840
BDD node:0
reach size:1222400
property check:7.821313944
total:355.332464799
memory:3391MB
