FW:17.058146404
VxLAN:139.825946313
VC:0.008501165
VNI:182.978347991
EPG:2.90106086
GBP:0.697524227
PBR:9.1793E-5
update model:343.469724681
NDD time:3.810848633
NDD node:2445440
BDD node:0
reach size:1222400
property check:7.037979556
total:350.507704237
memory:3839MB
