FW:17.942480189
VxLAN:139.802893616
VC:0.007555859
VNI:176.598035997
EPG:3.576825584
GBP:0.65561258
PBR:9.596E-5
update model:338.583619927
NDD time:4.36986925
NDD node:2500480
BDD node:0
reach size:1222400
property check:7.910957708
total:346.494577635
memory:3391MB
