FW:16.765234574
VxLAN:126.678839809
VC:0.00850656
VNI:167.116726014
EPG:2.676035559
GBP:0.663073813
PBR:8.4959E-5
update model:313.908599574
NDD time:5.513060156
NDD node:2496000
BDD node:0
reach size:1222400
property check:9.617813718
total:323.526413292
memory:3839MB
