FW:19.173589189
VxLAN:132.974429474
VC:0.019118171
VNI:171.120307525
EPG:3.543888395
GBP:0.664985507
PBR:9.9534E-5
update model:327.496541566
NDD time:3.582776775
NDD node:2436480
BDD node:0
reach size:1222400
property check:7.052887658
total:334.549429224
memory:3391MB
