FW:17.013529945
VxLAN:132.173485607
VC:0.015395376
VNI:166.929629637
EPG:3.428333224
GBP:0.615447431
PBR:1.1163E-4
update model:320.176049439
NDD time:3.282596645
NDD node:2456320
BDD node:0
reach size:1222400
property check:6.514382942
total:326.690432381
memory:3391MB
