FW:18.123774287
VxLAN:140.424459172
VC:0.008650915
VNI:186.140930541
EPG:3.095108755
GBP:0.69502216
PBR:9.4946E-5
update model:348.488166762
NDD time:5.368858312
NDD node:2669440
BDD node:664
reach size:1222400
property check:8.71483733
total:357.203004092
memory:3839MB
