FW:17.660123324
VxLAN:128.95229895
VC:0.009046945
VNI:169.492435643
EPG:3.170914737
GBP:0.733604326
PBR:1.02153E-4
update model:320.018659981
NDD time:5.320414358
NDD node:2669440
BDD node:664
reach size:1222400
property check:10.129653023
total:330.148313004
memory:3839MB
