FW:19.526084666
VxLAN:136.681719403
VC:0.010400581
VNI:181.693237656
EPG:3.061759642
GBP:0.825775578
PBR:2.57867E-4
update model:341.799393067
NDD time:4.605530288
NDD node:2578560
BDD node:664
reach size:1222400
property check:10.712094462
total:352.511487529
memory:3839MB
