FW:16.260348143
VxLAN:121.407831452
VC:0.008047432
VNI:169.148461611
EPG:3.527363354
GBP:0.761870114
PBR:1.29726E-4
update model:311.114184932
NDD time:5.339235197
NDD node:2557440
BDD node:0
reach size:1222400
property check:8.94175798
total:320.055942912
memory:3391MB
