FW:17.700309646
VxLAN:139.204140287
VC:0.016081481
VNI:193.122103258
EPG:3.497050531
GBP:0.666168985
PBR:1.0593E-4
update model:354.206073446
NDD time:4.658513285
NDD node:2539520
BDD node:0
reach size:1222400
property check:7.944403136
total:362.150476582
memory:3391MB
