FW:17.079119074
VxLAN:131.815848086
VC:0.016608
VNI:175.384510344
EPG:3.784172698
GBP:0.813825274
PBR:1.22302E-4
update model:328.894355922
NDD time:4.924246849
NDD node:2575360
BDD node:664
reach size:1222400
property check:10.120767969
total:339.015123891
memory:3839MB
