FW:16.503202673
VxLAN:129.764017332
VC:0.007438166
VNI:171.687437189
EPG:3.307392082
GBP:0.642659087
PBR:1.08165E-4
update model:321.912380752
NDD time:5.656007065
NDD node:2649600
BDD node:0
reach size:1222400
property check:9.077039845
total:330.989420597
memory:3391MB
