FW:19.742250545
VxLAN:153.977091317
VC:0.011701716
VNI:194.204819074
EPG:5.517044099
GBP:0.747979131
PBR:1.17447E-4
update model:374.201116575
NDD time:5.407373534
NDD node:2597120
BDD node:664
reach size:1222400
property check:9.47797105
total:383.679087625
memory:3839MB
