FW:12.617984085
VxLAN:128.020729661
VC:0.009199719
VNI:175.331252221
EPG:2.90911864
GBP:0.774053292
PBR:1.08119E-4
update model:319.662556215
NDD time:5.762800943
NDD node:2519680
BDD node:0
reach size:1222400
property check:9.621776993
total:329.284333208
memory:3839MB
