FW:19.407255889
VxLAN:146.093504223
VC:0.012838839
VNI:193.763508659
EPG:3.302625564
GBP:0.709339066
PBR:9.109E-5
update model:363.289282309
NDD time:4.422362341
NDD node:2578560
BDD node:664
reach size:1222400
property check:8.215147077
total:371.504429386
memory:3839MB
