FW:19.5037772
VxLAN:145.636612966
VC:0.01201586
VNI:186.67287636
EPG:3.679022783
GBP:0.71606823
PBR:9.4589E-5
update model:356.220621215
NDD time:5.176025212
NDD node:2520320
BDD node:0
reach size:1222400
property check:8.774516413
total:364.995137628
memory:3391MB
