FW:18.72375166
VxLAN:134.245378867
VC:0.008741625
VNI:175.765878709
EPG:4.463961206
GBP:0.808053384
PBR:9.8904E-5
update model:334.01597073
NDD time:4.370415244
NDD node:2511360
BDD node:0
reach size:1222400
property check:8.192342419
total:342.208313149
memory:3391MB
