FW:17.20828986
VxLAN:142.611355015
VC:0.008818546
VNI:164.201602783
EPG:2.845375051
GBP:0.607617594
PBR:9.4424E-5
update model:327.483258652
NDD time:5.149878353
NDD node:2622080
BDD node:664
reach size:1222400
property check:8.513197708
total:335.99645636
memory:3839MB
