FW:14.034933523
VxLAN:129.160392308
VC:0.009173162
VNI:181.861959805
EPG:4.984952432
GBP:0.778373091
PBR:9.3572E-5
update model:330.829977397
NDD time:4.996099739
NDD node:2522240
BDD node:0
reach size:1222400
property check:8.48721756
total:339.317194957
memory:3839MB
