FW:18.146317526
VxLAN:145.696211857
VC:0.009240021
VNI:184.997098065
EPG:3.002826045
GBP:0.630624938
PBR:1.02353E-4
update model:352.482537058
NDD time:4.735932505
NDD node:2519680
BDD node:0
reach size:1222400
property check:8.035477575
total:360.518014633
memory:3839MB
