FW:17.625758937
VxLAN:129.712304918
VC:0.009239224
VNI:175.343417899
EPG:3.388564017
GBP:0.66889244
PBR:1.06095E-4
update model:326.748397284
NDD time:4.767892377
NDD node:2447360
BDD node:664
reach size:1222400
property check:10.024375096
total:336.77277238
memory:3839MB
