FW:13.14179826
VxLAN:145.467756734
VC:0.008966599
VNI:180.912760898
EPG:2.802143564
GBP:0.681593295
PBR:8.8883E-5
update model:343.015218627
NDD time:5.739843322
NDD node:2597120
BDD node:664
reach size:1222400
property check:9.51300825
total:352.528226877
memory:3839MB
