FW:17.054313982
VxLAN:139.528275374
VC:0.008516727
VNI:184.641564934
EPG:3.663311872
GBP:0.682651265
PBR:9.482E-5
update model:345.578847017
NDD time:3.986230975
NDD node:2560640
BDD node:0
reach size:1222400
property check:7.537790447
total:353.116637464
memory:3391MB
