FW:15.346238958
VxLAN:138.197628499
VC:0.013756761
VNI:175.236846499
EPG:2.750537435
GBP:0.717917817
PBR:1.06003E-4
update model:332.263180993
NDD time:4.97654326
NDD node:2592000
BDD node:0
reach size:1222400
property check:8.432601763
total:340.695782756
memory:3839MB
