FW:17.356792089
VxLAN:141.108379636
VC:0.01045516
VNI:183.499504753
EPG:3.003076675
GBP:0.708766178
PBR:1.05623E-4
update model:345.687197463
NDD time:4.905219216
NDD node:2497920
BDD node:0
reach size:1222400
property check:8.268167371
total:353.955364834
memory:3839MB
