FW:18.600423
VxLAN:131.739090188
VC:0.009456648
VNI:173.2038065
EPG:3.481356439
GBP:0.629687627
PBR:1.12618E-4
update model:327.66406605
NDD time:5.424675534
NDD node:2649600
BDD node:0
reach size:1222400
property check:8.904716379
total:336.568782429
memory:3391MB
