FW:18.051396149
VxLAN:147.548511544
VC:0.007877464
VNI:187.731509912
EPG:4.057260247
GBP:0.99874521
PBR:1.02811E-4
update model:358.395519295
NDD time:4.443503153
NDD node:2592640
BDD node:0
reach size:1222400
property check:8.345906532
total:366.741425827
memory:3391MB
