FW:17.92299365
VxLAN:145.995858554
VC:0.016571377
VNI:196.400654753
EPG:3.898546523
GBP:0.696684201
PBR:9.6363E-5
update model:364.931533689
NDD time:4.261331348
NDD node:2482560
BDD node:0
reach size:1222400
property check:8.22902246
total:373.160556149
memory:3391MB
