FW:18.008519186
VxLAN:133.842298454
VC:0.009928402
VNI:170.456749229
EPG:3.532200001
GBP:0.717253053
PBR:1.10673E-4
update model:326.567219512
NDD time:4.248973637
NDD node:2625920
BDD node:0
reach size:1222400
property check:7.733791785
total:334.301011297
memory:3391MB
