FW:18.164886486
VxLAN:142.659872292
VC:0.022227473
VNI:193.52414144
EPG:3.244223005
GBP:0.729860774
PBR:1.21768E-4
update model:358.345464127
NDD time:4.814616911
NDD node:2447360
BDD node:664
reach size:1222400
property check:8.573004372
total:366.918468499
memory:3839MB
