FW:16.753563882
VxLAN:144.987147745
VC:0.009537724
VNI:196.084680072
EPG:3.000625741
GBP:0.646503405
PBR:9.6577E-5
update model:361.482262675
NDD time:5.380708264
NDD node:2666880
BDD node:664
reach size:1222400
property check:10.181865775
total:371.66412845
memory:3839MB
