FW:18.957305224
VxLAN:145.065182626
VC:0.013892769
VNI:194.175480926
EPG:4.232837743
GBP:0.715837123
PBR:1.06737E-4
update model:363.160808853
NDD time:3.920763568
NDD node:2410240
BDD node:0
reach size:1222400
property check:7.553340169
total:370.714149022
memory:3391MB
