FW:17.438821939
VxLAN:141.38491801
VC:0.008860027
VNI:184.010864343
EPG:3.33735339
GBP:0.705846705
PBR:9.5943E-5
update model:346.886890721
NDD time:3.97426238
NDD node:2528640
BDD node:0
reach size:1222400
property check:7.453628982
total:354.340519703
memory:3391MB
