FW:18.452717077
VxLAN:131.421548697
VC:0.007780454
VNI:170.114354703
EPG:3.414974332
GBP:0.658811169
PBR:1.05502E-4
update model:324.07041886
NDD time:5.28137208
NDD node:2621440
BDD node:0
reach size:1222400
property check:8.740344478
total:332.810763338
memory:3391MB
