FW:20.056675868
VxLAN:148.415045014
VC:0.008960587
VNI:198.544443915
EPG:3.668820019
GBP:0.698998192
PBR:9.9869E-5
update model:371.393169411
NDD time:4.180175454
NDD node:2561920
BDD node:0
reach size:1222400
property check:7.751469029
total:379.14463844
memory:3391MB
