FW:18.003689839
VxLAN:128.950134023
VC:0.009086332
VNI:175.541283886
EPG:4.658442376
GBP:0.742301322
PBR:9.5949E-5
update model:327.905145847
NDD time:5.118325819
NDD node:2497920
BDD node:0
reach size:1222400
property check:8.476905097
total:336.382050944
memory:3839MB
