FW:12.844656368
VxLAN:130.457874956
VC:0.010270224
VNI:181.131262261
EPG:3.31909071
GBP:0.753497066
PBR:1.01234E-4
update model:328.516865099
NDD time:7.375994444
NDD node:2592000
BDD node:0
reach size:1222400
property check:10.968205332
total:339.485070431
memory:3839MB
