FW:17.457774633
VxLAN:136.913455134
VC:0.008528458
VNI:182.122790664
EPG:3.250692285
GBP:0.746942933
PBR:1.06001E-4
update model:340.500409039
NDD time:6.975309708
NDD node:2648320
BDD node:664
reach size:1222400
property check:10.534951806
total:351.035360845
memory:3839MB
