FW:12.792246909
VxLAN:140.993782001
VC:0.009209061
VNI:184.764945596
EPG:2.861223132
GBP:0.741584142
PBR:1.07842E-4
update model:342.16323338
NDD time:4.951561152
NDD node:2430720
BDD node:0
reach size:1222400
property check:8.716295867
total:350.879529247
memory:3839MB
