FW:17.132567784
VxLAN:144.969232427
VC:0.016114924
VNI:177.408635539
EPG:3.656837309
GBP:0.679679623
PBR:9.6162E-5
update model:343.863283752
NDD time:4.045222092
NDD node:2592640
BDD node:0
reach size:1222400
property check:7.473344517
total:351.336628269
memory:3391MB
