FW:19.336096892
VxLAN:139.450302705
VC:0.008644009
VNI:180.496797251
EPG:3.761972287
GBP:0.722104827
PBR:9.9414E-5
update model:343.776153216
NDD time:5.546448264
NDD node:2653440
BDD node:0
reach size:1222400
property check:9.077765186
total:352.853918402
memory:3391MB
