FW:16.295426235
VxLAN:139.62170406
VC:0.009233052
VNI:187.133289272
EPG:3.486680199
GBP:0.727014552
PBR:9.7813E-5
update model:347.273569407
NDD time:5.414053907
NDD node:2570880
BDD node:664
reach size:1222400
property check:9.922364416
total:357.195933823
memory:3839MB
