FW:17.13000938
VxLAN:132.476317539
VC:0.00970235
VNI:180.09863097
EPG:3.660641962
GBP:0.740369544
PBR:1.03162E-4
update model:334.115901475
NDD time:4.126849682
NDD node:2625920
BDD node:0
reach size:1222400
property check:7.532801241
total:341.648702716
memory:3391MB
