FW:18.517319759
VxLAN:147.45723397
VC:0.008627558
VNI:184.935090154
EPG:3.036107561
GBP:0.73629081
PBR:9.4451E-5
update model:354.690872191
NDD time:5.598090202
NDD node:2497920
BDD node:0
reach size:1222400
property check:10.753559612
total:365.444431803
memory:3839MB
