FW:18.717666206
VxLAN:145.735575283
VC:0.009273836
VNI:180.628347606
EPG:3.565235972
GBP:0.671090223
PBR:1.07737E-4
update model:349.327411559
NDD time:4.954794705
NDD node:2653440
BDD node:0
reach size:1222400
property check:8.246973455
total:357.574385014
memory:3391MB
