FW:18.756637497
VxLAN:149.103253014
VC:0.008603508
VNI:191.600285356
EPG:4.170422162
GBP:0.756712603
PBR:4.33462E-4
update model:364.396485377
NDD time:4.879640156
NDD node:2625920
BDD node:0
reach size:1222400
property check:9.120296935
total:373.516782312
memory:3391MB
