FW:15.951702781
VxLAN:143.923932553
VC:0.007751047
VNI:175.864175419
EPG:3.482234746
GBP:0.680002845
PBR:1.14917E-4
update model:339.910038236
NDD time:5.4415101
NDD node:2649600
BDD node:0
reach size:1222400
property check:8.699714516
total:348.609752752
memory:3391MB
