FW:17.998261532
VxLAN:140.581880122
VC:0.012156357
VNI:177.321688347
EPG:3.476723192
GBP:0.690423203
PBR:9.5947E-5
update model:340.081354067
NDD time:3.88122413
NDD node:2512000
BDD node:0
reach size:1222400
property check:7.435661093
total:347.51701516
memory:3391MB
