FW:13.791374823
VxLAN:140.14720859
VC:0.011472161
VNI:196.369072735
EPG:3.112910942
GBP:0.724363507
PBR:9.311E-5
update model:354.156642697
NDD time:5.161241571
NDD node:2496000
BDD node:0
reach size:1222400
property check:8.941566127
total:363.098208824
memory:3839MB
