FW:13.232032562
VxLAN:135.888100202
VC:0.008711483
VNI:197.159128173
EPG:4.400584034
GBP:0.888328943
PBR:1.11645E-4
update model:351.577122409
NDD time:5.776744367
NDD node:2373120
BDD node:0
reach size:1222400
property check:9.957369825
total:361.534492234
memory:3839MB
