FW:16.833114806
VxLAN:142.05863134
VC:0.008887391
VNI:185.629572294
EPG:3.033590939
GBP:0.68434789
PBR:9.063E-5
update model:348.248340419
NDD time:3.836580884
NDD node:2449920
BDD node:0
reach size:1222400
property check:7.255435585
total:355.503776004
memory:3839MB
