FW:17.111529454
VxLAN:140.561907869
VC:0.020544686
VNI:176.040251776
EPG:2.916528639
GBP:0.678560271
PBR:1.06711E-4
update model:337.329542534
NDD time:6.271585448
NDD node:2597120
BDD node:664
reach size:1222400
property check:9.794282135
total:347.123824669
memory:3839MB
