FW:17.21629579
VxLAN:130.453521485
VC:0.008635355
VNI:171.146276939
EPG:3.050813216
GBP:0.726252371
PBR:1.10907E-4
update model:322.60202097
NDD time:5.06701081
NDD node:2600960
BDD node:664
reach size:1222400
property check:10.183438492
total:332.785459462
memory:3839MB
