FW:17.022693874
VxLAN:132.290830644
VC:0.009042327
VNI:186.898592698
EPG:3.369372873
GBP:0.658754145
PBR:1.05447E-4
update model:340.249526671
NDD time:4.235251691
NDD node:2578560
BDD node:0
reach size:1222400
property check:7.712374155
total:347.961900826
memory:3391MB
