FW:17.14461847
VxLAN:137.84817383
VC:0.008131897
VNI:176.973303791
EPG:3.288641566
GBP:0.653036491
PBR:9.4843E-5
update model:335.916119541
NDD time:3.906614054
NDD node:2532480
BDD node:0
reach size:1222400
property check:7.220285604
total:343.136405145
memory:3391MB
