FW:17.977957476
VxLAN:135.825323997
VC:0.011267612
VNI:169.153728171
EPG:3.059172832
GBP:0.815540977
PBR:1.44124E-4
update model:326.843272782
NDD time:3.472663705
NDD node:2440960
BDD node:664
reach size:1222400
property check:7.089079297
total:333.932352079
memory:3839MB
