FW:17.557791684
VxLAN:135.717702528
VC:0.008543976
VNI:188.557497165
EPG:3.643494614
GBP:0.719306267
PBR:1.01942E-4
update model:346.20456251
NDD time:3.948945491
NDD node:2560640
BDD node:0
reach size:1222400
property check:7.319549075
total:353.524111585
memory:3391MB
