FW:18.493785059
VxLAN:144.762554404
VC:0.009456897
VNI:200.600262914
EPG:3.342774565
GBP:0.670849698
PBR:9.7323E-5
update model:367.879891805
NDD time:5.746283143
NDD node:2551040
BDD node:664
reach size:1222400
property check:9.761074172
total:377.640965977
memory:3839MB
