FW:19.563476249
VxLAN:145.664897862
VC:0.009988865
VNI:182.4188719
EPG:3.08349058
GBP:0.705890209
PBR:8.9788E-5
update model:351.446798783
NDD time:5.05518834
NDD node:2524800
BDD node:0
reach size:1222400
property check:8.674521251
total:360.121320034
memory:3839MB
