FW:18.808724333
VxLAN:147.822350972
VC:0.019510607
VNI:179.921574328
EPG:3.475204908
GBP:0.671539694
PBR:9.4768E-5
update model:350.719117844
NDD time:5.160994913
NDD node:2524800
BDD node:0
reach size:1222400
property check:8.488118282
total:359.207236126
memory:3391MB
