FW:19.590771456
VxLAN:136.219034102
VC:0.009031861
VNI:187.977646688
EPG:5.849689095
GBP:0.787484031
PBR:1.09359E-4
update model:350.433877197
NDD time:4.223406449
NDD node:2442880
BDD node:0
reach size:1222400
property check:7.990552315
total:358.424429512
memory:3839MB
