FW:17.507630708
VxLAN:138.843385353
VC:0.015252537
VNI:179.549120835
EPG:3.52808963
GBP:0.668629786
PBR:9.9332E-5
update model:340.112325185
NDD time:3.816957956
NDD node:2488320
BDD node:0
reach size:1222400
property check:7.281820674
total:347.394145859
memory:3391MB
