FW:13.038400458
VxLAN:142.249929327
VC:0.009845224
VNI:188.161391745
EPG:3.483107826
GBP:0.709721662
PBR:9.734E-5
update model:347.652624718
NDD time:5.476647255
NDD node:2541440
BDD node:0
reach size:1222400
property check:9.255510336
total:356.908135054
memory:3839MB
