FW:12.170643996
VxLAN:129.860180614
VC:0.008334637
VNI:173.718677094
EPG:4.436964502
GBP:0.729254957
PBR:1.05587E-4
update model:320.924274681
NDD time:4.893347426
NDD node:2570240
BDD node:664
reach size:1222400
property check:8.074752677
total:328.999027358
memory:3839MB
