FW:19.851826543
VxLAN:141.862856898
VC:0.009234782
VNI:164.688575863
EPG:2.65388252
GBP:0.647365368
PBR:8.3214E-5
update model:329.713945541
NDD time:5.448021585
NDD node:2474240
BDD node:0
reach size:1222400
property check:8.665530147
total:338.379475688
memory:3839MB
