FW:16.346319731
VxLAN:143.627736165
VC:0.015579196
VNI:190.248548495
EPG:4.512775915
GBP:0.868558495
PBR:9.5633E-5
update model:355.619743734
NDD time:4.499594233
NDD node:2514560
BDD node:0
reach size:1222400
property check:8.374786584
total:363.994530318
memory:3391MB
