FW:13.673057922
VxLAN:137.313990705
VC:0.009185253
VNI:191.706514668
EPG:2.925813297
GBP:0.690109884
PBR:1.02368E-4
update model:346.318897408
NDD time:5.884840869
NDD node:2642560
BDD node:0
reach size:1222400
property check:9.87468565
total:356.193583058
memory:3839MB
