FW:16.752430637
VxLAN:140.324763823
VC:0.009016689
VNI:187.004969386
EPG:3.290243263
GBP:0.671565723
PBR:1.07571E-4
update model:348.053240769
NDD time:7.017444978
NDD node:2529920
BDD node:664
reach size:1222400
property check:10.62373119
total:358.676971959
memory:3839MB
