FW:20.853618262
VxLAN:150.009885427
VC:0.014397604
VNI:198.167163671
EPG:3.682442095
GBP:0.693647129
PBR:1.08246E-4
update model:373.421399994
NDD time:4.495996382
NDD node:2546560
BDD node:0
reach size:1222400
property check:8.252390007
total:381.673790001
memory:3391MB
