FW:18.954435818
VxLAN:132.348670727
VC:0.009069739
VNI:175.440514802
EPG:4.450041778
GBP:0.790950936
PBR:1.04932E-4
update model:331.993900377
NDD time:5.418438083
NDD node:2570880
BDD node:0
reach size:1222400
property check:9.188764755
total:341.182665132
memory:3391MB
