FW:18.849645517
VxLAN:143.311153132
VC:0.01362096
VNI:199.464681426
EPG:3.381897956
GBP:0.655870247
PBR:9.188E-5
update model:365.677079558
NDD time:3.798551886
NDD node:2520320
BDD node:0
reach size:1222400
property check:7.237281563
total:372.914361121
memory:3391MB
