FW:17.212606516
VxLAN:132.029531837
VC:0.008647183
VNI:179.626287273
EPG:3.450785861
GBP:0.691788781
PBR:1.07665E-4
update model:333.019873585
NDD time:4.260798663
NDD node:2547840
BDD node:0
reach size:1222400
property check:7.707433514
total:340.727307099
memory:3391MB
