FW:16.081460281
VxLAN:130.58918335
VC:0.007567752
VNI:168.942510596
EPG:3.489507898
GBP:0.639628224
PBR:1.07617E-4
update model:319.750112057
NDD time:4.981099926
NDD node:2571520
BDD node:0
reach size:1222400
property check:8.280019075
total:328.030131132
memory:3391MB
