FW:17.845252165
VxLAN:138.404541634
VC:0.008673645
VNI:185.80449559
EPG:3.166028219
GBP:0.675484283
PBR:9.6515E-5
update model:345.904693928
NDD time:3.981320831
NDD node:2504960
BDD node:664
reach size:1222400
property check:7.427220723
total:353.331914651
memory:3839MB
