FW:16.957759828
VxLAN:130.439083231
VC:0.007796278
VNI:182.360342145
EPG:4.150852772
GBP:0.76780317
PBR:1.56808E-4
update model:334.683919054
NDD time:4.195716439
NDD node:2624640
BDD node:0
reach size:1222400
property check:7.721837787
total:342.405756841
memory:3391MB
