FW:17.174879995
VxLAN:142.199964013
VC:0.008475291
VNI:179.25883539
EPG:3.609553024
GBP:0.708272259
PBR:9.7514E-5
update model:342.960201476
NDD time:5.451243471
NDD node:2677120
BDD node:0
reach size:1222400
property check:8.699646517
total:351.659847993
memory:3391MB
