FW:17.474791037
VxLAN:132.089279393
VC:0.008445089
VNI:174.098387056
EPG:2.803295423
GBP:0.780357269
PBR:1.08435E-4
update model:327.254782149
NDD time:4.450599309
NDD node:2546560
BDD node:664
reach size:1222400
property check:7.910727852
total:335.165510001
memory:3839MB
