FW:12.776811831
VxLAN:137.786860628
VC:0.008790629
VNI:180.679235376
EPG:2.98624294
GBP:0.800819362
PBR:8.8981E-5
update model:335.038949304
NDD time:5.072080911
NDD node:2496000
BDD node:0
reach size:1222400
property check:8.453076063
total:343.492025367
memory:3839MB
