FW:17.196574643
VxLAN:129.35026717
VC:0.008034308
VNI:183.75325818
EPG:3.335468321
GBP:0.790645204
PBR:9.9198E-5
update model:334.434470562
NDD time:5.465234584
NDD node:2519040
BDD node:664
reach size:1222400
property check:9.093673126
total:343.528143688
memory:3839MB
