FW:17.993372011
VxLAN:146.664117071
VC:0.015809674
VNI:192.189033264
EPG:4.317852453
GBP:0.725450528
PBR:9.9654E-5
update model:361.905847753
NDD time:5.806410342
NDD node:2677120
BDD node:0
reach size:1222400
property check:9.449859474
total:371.355707227
memory:3391MB
