FW:18.406217644
VxLAN:142.136504526
VC:0.008243319
VNI:171.459934443
EPG:3.549784854
GBP:0.807306569
PBR:1.0286E-4
update model:336.368218663
NDD time:5.480465349
NDD node:2474240
BDD node:0
reach size:1222400
property check:9.364515378
total:345.732734041
memory:3391MB
