FW:13.519435136
VxLAN:140.713718047
VC:0.009663135
VNI:190.186857932
EPG:4.81406211
GBP:0.732420134
PBR:1.02106E-4
update model:349.976377649
NDD time:5.235944989
NDD node:2519680
BDD node:0
reach size:1222400
property check:8.640142897
total:358.616520546
memory:3839MB
