FW:13.570252957
VxLAN:129.012859916
VC:0.009482372
VNI:170.770968496
EPG:4.571499848
GBP:0.847108529
PBR:1.26132E-4
update model:318.782423915
NDD time:5.721289644
NDD node:2546560
BDD node:664
reach size:1222400
property check:9.836367277
total:328.618791192
memory:3839MB
