FW:18.417645246
VxLAN:133.630883564
VC:0.009386092
VNI:175.815487711
EPG:3.467867124
GBP:0.694271882
PBR:1.02515E-4
update model:332.035744166
NDD time:5.266360354
NDD node:2570880
BDD node:0
reach size:1222400
property check:8.685068591
total:340.720812757
memory:3391MB
