FW:16.606207226
VxLAN:138.240130155
VC:0.009392943
VNI:182.383993242
EPG:3.333296965
GBP:0.772796753
PBR:1.00107E-4
update model:341.346038876
NDD time:6.105268036
NDD node:2594560
BDD node:664
reach size:1222400
property check:10.233337796
total:351.579376672
memory:3839MB
