FW:16.631447502
VxLAN:135.276710531
VC:0.008905285
VNI:179.46112821
EPG:3.403178918
GBP:0.674171383
PBR:1.09303E-4
update model:335.455781661
NDD time:4.127107655
NDD node:2533760
BDD node:0
reach size:1222400
property check:7.815951664
total:343.271733325
memory:3391MB
