FW:16.3322173
VxLAN:139.236097537
VC:0.008586864
VNI:185.638505131
EPG:3.287014861
GBP:1.006999763
PBR:8.9957E-5
update model:345.509622575
NDD time:8.680339201
NDD node:2648320
BDD node:664
reach size:1222400
property check:10.366546555
total:355.87616913
memory:3839MB
