FW:17.705256554
VxLAN:143.050616936
VC:0.009770619
VNI:185.089775895
EPG:3.036643788
GBP:0.671033498
PBR:9.8686E-5
update model:349.563325271
NDD time:6.670430197
NDD node:2524800
BDD node:0
reach size:1222400
property check:10.068989429
total:359.6323147
memory:3839MB
