FW:19.687390148
VxLAN:150.11413983
VC:0.011713726
VNI:227.941877734
EPG:5.322618644
GBP:0.75235344
PBR:9.8212E-5
update model:403.830306941
NDD time:5.837618604
NDD node:2620800
BDD node:664
reach size:1222400
property check:9.317695476
total:413.148002417
memory:3839MB
