FW:16.997447501
VxLAN:140.207122923
VC:0.009289832
VNI:181.109168619
EPG:3.131681231
GBP:0.710687256
PBR:9.7303E-5
update model:342.165602119
NDD time:5.101851478
NDD node:2529920
BDD node:664
reach size:1222400
property check:8.319022426
total:350.484624545
memory:3839MB
