FW:16.707868113
VxLAN:130.557207094
VC:0.008382327
VNI:178.187985019
EPG:3.171881531
GBP:0.689659039
PBR:1.01899E-4
update model:329.323209931
NDD time:4.351942057
NDD node:2474240
BDD node:664
reach size:1222400
property check:8.200849245
total:337.524059176
memory:3839MB
