FW:13.415304658
VxLAN:131.556583826
VC:0.00912864
VNI:192.903759982
EPG:4.207242295
GBP:0.659610927
PBR:9.4944E-5
update model:342.751839047
NDD time:4.870936656
NDD node:2425600
BDD node:0
reach size:1222400
property check:8.214146322
total:350.965985369
memory:3839MB
