FW:19.447741308
VxLAN:154.124038091
VC:0.024581489
VNI:216.383480028
EPG:4.555731098
GBP:0.694998782
PBR:1.12117E-4
update model:395.230796398
NDD time:3.826062206
NDD node:2423680
BDD node:664
reach size:1222400
property check:8.099555137
total:403.330351535
memory:3839MB
