FW:14.908024789
VxLAN:144.438460938
VC:0.011193607
VNI:196.617199951
EPG:3.26646838
GBP:0.666758302
PBR:1.05911E-4
update model:359.908340514
NDD time:8.815177166
NDD node:2524800
BDD node:664
reach size:1222400
property check:11.110040786
total:371.0183813
memory:3839MB
