FW:17.017682121
VxLAN:134.963315086
VC:0.008187151
VNI:175.143321246
EPG:3.238073766
GBP:0.731406573
PBR:1.29241E-4
update model:331.102244017
NDD time:6.953031313
NDD node:2648320
BDD node:664
reach size:1222400
property check:10.50987094
total:341.612114957
memory:3839MB
