FW:13.176253567
VxLAN:129.494641547
VC:0.011216808
VNI:176.961414743
EPG:2.758538025
GBP:0.650358585
PBR:9.5789E-5
update model:323.052629578
NDD time:4.95009634
NDD node:2574720
BDD node:664
reach size:1222400
property check:8.34925279
total:331.401882368
memory:3839MB
