FW:17.930269937
VxLAN:140.332304667
VC:0.009082849
VNI:180.339323251
EPG:3.458637591
GBP:0.653983962
PBR:9.539E-5
update model:342.723823961
NDD time:3.836709798
NDD node:2442240
BDD node:0
reach size:1222400
property check:7.401705899
total:350.12552986
memory:3391MB
