FW:16.163080237
VxLAN:133.459258218
VC:0.008972937
VNI:170.68945688
EPG:3.239679783
GBP:0.6923492
PBR:1.04629E-4
update model:324.253014683
NDD time:3.631733118
NDD node:2488320
BDD node:0
reach size:1222400
property check:7.153751774
total:331.406766457
memory:3391MB
