FW:17.102748002
VxLAN:141.742958941
VC:0.009862946
VNI:188.313365735
EPG:3.084233015
GBP:0.672535649
PBR:1.04956E-4
update model:350.925920398
NDD time:3.970606475
NDD node:2597120
BDD node:664
reach size:1222400
property check:7.1193473
total:358.045267698
memory:3839MB
