FW:20.293195951
VxLAN:128.893793177
VC:0.007833623
VNI:163.855397586
EPG:3.470893439
GBP:0.812881992
PBR:1.27819E-4
update model:317.334274938
NDD time:5.345814584
NDD node:2594560
BDD node:0
reach size:1222400
property check:8.970537726
total:326.304812664
memory:3391MB
