FW:17.562360886
VxLAN:138.560524188
VC:0.01017035
VNI:171.898905279
EPG:3.172382182
GBP:0.632651593
PBR:1.92956E-4
update model:331.837322602
NDD time:3.944198871
NDD node:2520320
BDD node:0
reach size:1222400
property check:7.280524731
total:339.117847333
memory:3391MB
