FW:17.037204893
VxLAN:133.941242226
VC:0.008443012
VNI:167.618531052
EPG:3.331703645
GBP:0.678367369
PBR:1.08451E-4
update model:322.615757881
NDD time:4.21861271
NDD node:2625920
BDD node:0
reach size:1222400
property check:7.547965033
total:330.163722914
memory:3391MB
