FW:18.359666265
VxLAN:137.279453836
VC:0.008757078
VNI:192.078592266
EPG:3.031816879
GBP:0.649162842
PBR:9.8804E-5
update model:351.407665142
NDD time:5.245533007
NDD node:2544000
BDD node:664
reach size:1222400
property check:8.989741194
total:360.397406336
memory:3839MB
