FW:12.818219913
VxLAN:145.359019935
VC:0.00925402
VNI:183.11858203
EPG:2.773022574
GBP:0.64908863
PBR:9.7872E-5
update model:344.727392767
NDD time:5.170467879
NDD node:2570240
BDD node:664
reach size:1222400
property check:8.495590251
total:353.222983018
memory:3839MB
