FW:18.309150089
VxLAN:147.942207778
VC:0.019591741
VNI:202.559795408
EPG:3.604418157
GBP:0.700347451
PBR:1.01621E-4
update model:373.135739793
NDD time:3.918538606
NDD node:2512000
BDD node:0
reach size:1222400
property check:7.418895518
total:380.554635311
memory:3391MB
