FW:17.602014495
VxLAN:146.97922256
VC:0.018673455
VNI:179.734024049
EPG:3.657500947
GBP:0.748942213
PBR:1.0308E-4
update model:348.740596883
NDD time:5.8924778
NDD node:2520320
BDD node:0
reach size:1222400
property check:9.717119331
total:358.457716214
memory:3391MB
