FW:20.118895316
VxLAN:147.713729
VC:0.009411827
VNI:187.606036995
EPG:3.004376122
GBP:0.656475488
PBR:9.7344E-5
update model:359.10914806
NDD time:4.118125857
NDD node:2504960
BDD node:664
reach size:1222400
property check:7.710089892
total:366.819237952
memory:3839MB
