FW:12.635662405
VxLAN:127.8781831
VC:0.008290816
VNI:168.543811472
EPG:4.401820154
GBP:0.778327122
PBR:1.07107E-4
update model:314.246306511
NDD time:5.10820705
NDD node:2568320
BDD node:0
reach size:1222400
property check:8.636398564
total:322.882705075
memory:3839MB
