FW:17.411656971
VxLAN:129.439521218
VC:0.01782671
VNI:179.848511415
EPG:3.57264684
GBP:0.612756349
PBR:1.02301E-4
update model:330.903142241
NDD time:3.847598507
NDD node:2528640
BDD node:0
reach size:1222400
property check:7.375504206
total:338.278646447
memory:3391MB
