FW:18.073971361
VxLAN:127.118447216
VC:0.008237587
VNI:176.207893056
EPG:3.397186185
GBP:0.718922843
PBR:1.31131E-4
update model:325.524919278
NDD time:4.580932117
NDD node:2598400
BDD node:0
reach size:1222400
property check:8.419258518
total:333.944177796
memory:3391MB
