FW:18.12816953
VxLAN:132.740370234
VC:0.009014726
VNI:165.370261296
EPG:3.271168602
GBP:0.640403163
PBR:1.06242E-4
update model:320.159626243
NDD time:6.617281181
NDD node:2570240
BDD node:664
reach size:1222400
property check:10.230812034
total:330.390438277
memory:3839MB
