FW:17.191424413
VxLAN:131.275254526
VC:0.011830889
VNI:169.748349206
EPG:3.914478707
GBP:0.718745876
PBR:1.16627E-4
update model:322.860366871
NDD time:4.669412048
NDD node:2578560
BDD node:0
reach size:1222400
property check:8.57145993
total:331.431826801
memory:3391MB
