FW:17.835862665
VxLAN:132.533011897
VC:0.016140286
VNI:179.243912301
EPG:3.478709622
GBP:0.749625491
PBR:1.18588E-4
update model:333.857513541
NDD time:4.767267971
NDD node:2624640
BDD node:0
reach size:1222400
property check:8.591607267
total:342.449120808
memory:3391MB
