FW:19.179630857
VxLAN:150.919550722
VC:0.018487417
VNI:180.133541497
EPG:3.943343215
GBP:0.675157337
PBR:1.00459E-4
update model:354.869994388
NDD time:6.210493626
NDD node:2649600
BDD node:0
reach size:1222400
property check:9.953194
total:364.823188388
memory:3391MB
