FW:18.089150042
VxLAN:142.889372059
VC:0.008726712
VNI:183.48659387
EPG:4.478592026
GBP:0.690536253
PBR:9.8249E-5
update model:349.643168706
NDD time:5.522124466
NDD node:2693120
BDD node:664
reach size:1222400
property check:8.858778534
total:358.50194724
memory:3839MB
