FW:16.554969314
VxLAN:140.100379025
VC:0.014321148
VNI:182.218328104
EPG:2.875908866
GBP:0.681000508
PBR:1.38348E-4
update model:342.445145624
NDD time:4.515798149
NDD node:2524800
BDD node:0
reach size:1222400
property check:9.33839641
total:351.783542034
memory:3839MB
