FW:18.4300373
VxLAN:138.151646209
VC:0.01013636
VNI:166.916437403
EPG:4.151879375
GBP:0.858532963
PBR:1.2569E-4
update model:328.518925864
NDD time:5.080578888
NDD node:2575360
BDD node:0
reach size:1222400
property check:8.553148442
total:337.072074306
memory:3391MB
