FW:13.140001068
VxLAN:144.955539006
VC:0.010089321
VNI:202.199671693
EPG:3.44907408
GBP:1.075692277
PBR:1.05096E-4
update model:364.830304999
NDD time:7.134930513
NDD node:2500480
BDD node:664
reach size:1222400
property check:10.85453863
total:375.684843629
memory:3839MB
