FW:13.449282641
VxLAN:131.95950204
VC:0.008659912
VNI:179.37191629
EPG:4.233257224
GBP:0.726969883
PBR:1.04548E-4
update model:329.74980564
NDD time:5.420399848
NDD node:2544000
BDD node:664
reach size:1222400
property check:9.223388005
total:338.973193645
memory:3839MB
