FW:13.596570513
VxLAN:145.66428316
VC:0.009297767
VNI:175.214056401
EPG:4.23055123
GBP:0.883741793
PBR:9.4112E-5
update model:339.598698367
NDD time:5.090619714
NDD node:2570880
BDD node:664
reach size:1222400
property check:8.583556095
total:348.182254462
memory:3839MB
