FW:17.414365412
VxLAN:148.158861962
VC:0.02163918
VNI:195.141842245
EPG:3.294748423
GBP:0.75940418
PBR:9.8238E-5
update model:364.791079844
NDD time:5.450452995
NDD node:2481280
BDD node:664
reach size:1222400
property check:9.383954474
total:374.175034318
memory:3839MB
