FW:18.385557713
VxLAN:144.22782488
VC:0.01715395
VNI:177.559711797
EPG:3.526230771
GBP:0.66032447
PBR:9.3523E-5
update model:344.377012056
NDD time:5.375902836
NDD node:2539520
BDD node:0
reach size:1222400
property check:8.889305561
total:353.266317617
memory:3391MB
