FW:17.538730854
VxLAN:132.684584529
VC:0.007915338
VNI:180.457624573
EPG:3.646941629
GBP:0.748770855
PBR:1.09203E-4
update model:335.084801925
NDD time:5.825447926
NDD node:2621440
BDD node:0
reach size:1222400
property check:9.431373031
total:344.516174956
memory:3391MB
