FW:17.866739314
VxLAN:129.886910682
VC:0.016499695
VNI:169.204692503
EPG:3.367417359
GBP:0.696102496
PBR:1.259E-4
update model:321.038629827
NDD time:4.110060175
NDD node:2598400
BDD node:0
reach size:1222400
property check:7.734764926
total:328.773394753
memory:3391MB
