FW:19.877571468
VxLAN:134.277193452
VC:0.008257015
VNI:178.949893015
EPG:3.395020557
GBP:0.745908397
PBR:1.24078E-4
update model:337.254096849
NDD time:3.924988666
NDD node:2488320
BDD node:0
reach size:1222400
property check:7.684385309
total:344.938482158
memory:3391MB
