FW:18.447935937
VxLAN:140.249395231
VC:0.013670954
VNI:187.252234877
EPG:3.054288132
GBP:0.687967687
PBR:1.25388E-4
update model:349.705745222
NDD time:5.437862335
NDD node:2666880
BDD node:664
reach size:1222400
property check:8.940673539
total:358.646418761
memory:3839MB
