FW:17.112317308
VxLAN:148.579049635
VC:0.009403759
VNI:207.551216317
EPG:3.205394017
GBP:0.712149288
PBR:8.4539E-5
update model:377.169717073
NDD time:3.895880675
NDD node:2542720
BDD node:664
reach size:1222400
property check:7.176322601
total:384.346039674
memory:3839MB
