FW:14.434505847
VxLAN:145.819916243
VC:0.009307248
VNI:198.315303977
EPG:2.995464423
GBP:0.681502242
PBR:1.04498E-4
update model:362.256223314
NDD time:5.217810427
NDD node:2545920
BDD node:0
reach size:1222400
property check:8.961980065
total:371.218203379
memory:3839MB
