FW:18.645428075
VxLAN:132.251722935
VC:0.009345884
VNI:168.516009377
EPG:3.296751505
GBP:0.694020446
PBR:1.34414E-4
update model:323.413549222
NDD time:3.836412057
NDD node:2528640
BDD node:0
reach size:1222400
property check:6.992068598
total:330.40561782
memory:3391MB
