FW:18.232194249
VxLAN:139.29275785
VC:0.018446899
VNI:190.183793498
EPG:4.129315652
GBP:0.700222498
PBR:9.7875E-5
update model:352.556958682
NDD time:4.664637056
NDD node:2625920
BDD node:0
reach size:1222400
property check:8.38461665
total:360.941575332
memory:3391MB
