FW:18.366953384
VxLAN:133.876993307
VC:0.010865771
VNI:178.295911243
EPG:2.941846846
GBP:0.617787407
PBR:1.00989E-4
update model:334.110565052
NDD time:3.403980033
NDD node:2390400
BDD node:0
reach size:1222400
property check:8.219296771
total:342.329861823
memory:3839MB
