FW:17.139010088
VxLAN:130.844132574
VC:0.008921808
VNI:178.016989366
EPG:2.984484761
GBP:0.648083371
PBR:1.00727E-4
update model:329.641843044
NDD time:5.341513109
NDD node:2597120
BDD node:664
reach size:1222400
property check:8.754722174
total:338.396565218
memory:3839MB
