FW:13.316816613
VxLAN:130.601857119
VC:0.009378
VNI:179.832887312
EPG:2.789052912
GBP:0.648894658
PBR:9.7986E-5
update model:327.199100652
NDD time:5.507869232
NDD node:2474240
BDD node:664
reach size:1222400
property check:9.172703842
total:336.371804494
memory:3839MB
