FW:16.720927465
VxLAN:136.470170833
VC:0.008254289
VNI:166.471591706
EPG:3.252836853
GBP:0.67340295
PBR:8.8918E-5
update model:323.597378552
NDD time:4.500408781
NDD node:2506240
BDD node:0
reach size:1222400
property check:8.09258521
total:331.689963762
memory:3391MB
