FW:17.373978676
VxLAN:142.786104353
VC:0.016460321
VNI:177.504874851
EPG:3.429139338
GBP:0.683446129
PBR:1.07015E-4
update model:341.794255343
NDD time:3.862341801
NDD node:2560640
BDD node:0
reach size:1222400
property check:7.158412332
total:348.952667675
memory:3391MB
