FW:17.94491137
VxLAN:144.402099005
VC:0.018808133
VNI:185.829581186
EPG:4.07234844
GBP:0.722925142
PBR:1.18482E-4
update model:352.990916756
NDD time:4.835631463
NDD node:2625920
BDD node:0
reach size:1222400
property check:8.756342685
total:361.747259441
memory:3391MB
