FW:16.52146241
VxLAN:141.617494519
VC:0.024503172
VNI:181.160607983
EPG:2.939728252
GBP:0.762093006
PBR:1.02472E-4
update model:343.026103735
NDD time:4.184354307
NDD node:2504960
BDD node:664
reach size:1222400
property check:7.725937359
total:350.752041094
memory:3839MB
