FW:13.2951424
VxLAN:128.507499055
VC:0.010307643
VNI:162.401610988
EPG:2.680516321
GBP:0.797305875
PBR:9.652E-5
update model:307.692579751
NDD time:5.142566108
NDD node:2497920
BDD node:664
reach size:1222400
property check:8.936008664
total:316.628588415
memory:3839MB
