FW:17.911204992
VxLAN:144.373693474
VC:0.017050762
VNI:187.644989884
EPG:4.086310397
GBP:0.755145793
PBR:1.05637E-4
update model:354.788628248
NDD time:5.421049812
NDD node:2625920
BDD node:0
reach size:1222400
property check:9.457755607
total:364.246383855
memory:3391MB
