FW:17.779125823
VxLAN:133.839977349
VC:0.013237236
VNI:172.198318487
EPG:3.386753848
GBP:0.647385649
PBR:1.02327E-4
update model:327.865018223
NDD time:4.22672435
NDD node:2578560
BDD node:0
reach size:1222400
property check:7.548025882
total:335.413044105
memory:3391MB
