FW:16.32823008
VxLAN:134.461928065
VC:0.008296916
VNI:182.724822355
EPG:3.094519917
GBP:0.70729574
PBR:1.05723E-4
update model:337.325315917
NDD time:4.812486563
NDD node:2597120
BDD node:664
reach size:1222400
property check:8.21291844
total:345.538234357
memory:3839MB
