FW:15.524734251
VxLAN:123.740547715
VC:0.00875181
VNI:160.275084593
EPG:3.327696611
GBP:0.67400838
PBR:2.7061E-4
update model:303.551235308
NDD time:6.766979528
NDD node:2677120
BDD node:0
reach size:1222400
property check:10.608384051
total:314.159619359
memory:3391MB
