FW:12.919611313
VxLAN:137.141636842
VC:0.009473665
VNI:183.560691977
EPG:4.481099324
GBP:0.720684198
PBR:8.7251E-5
update model:338.833385193
NDD time:5.022039612
NDD node:2517760
BDD node:0
reach size:1222400
property check:8.391102496
total:347.224487689
memory:3839MB
