FW:17.48849376
VxLAN:126.303907602
VC:0.009278639
VNI:167.128806833
EPG:3.611066455
GBP:0.669594117
PBR:1.0208E-4
update model:315.211357571
NDD time:4.03240967
NDD node:2624640
BDD node:0
reach size:1222400
property check:7.960493977
total:323.171851548
memory:3391MB
