FW:17.848188967
VxLAN:135.520388656
VC:0.009633148
VNI:192.380579337
EPG:3.29398299
GBP:0.678978972
PBR:9.5485E-5
update model:349.731999824
NDD time:7.298756311
NDD node:2519680
BDD node:0
reach size:1222400
property check:10.934621653
total:360.666621477
memory:3839MB
