FW:17.778388944
VxLAN:132.099884182
VC:0.009835748
VNI:182.005847362
EPG:3.106355418
GBP:0.667233454
PBR:9.9239E-5
update model:335.667761145
NDD time:5.441437544
NDD node:2574720
BDD node:664
reach size:1222400
property check:8.860940162
total:344.528701307
memory:3839MB
