FW:16.81941008
VxLAN:132.099972975
VC:0.008436617
VNI:166.214118011
EPG:3.324513021
GBP:0.647189081
PBR:1.15315E-4
update model:319.113891771
NDD time:3.956027225
NDD node:2624640
BDD node:0
reach size:1222400
property check:7.295426279
total:326.40931805
memory:3391MB
