FW:18.880996176
VxLAN:147.252068183
VC:0.017468363
VNI:182.74969224
EPG:3.327184934
GBP:0.82540327
PBR:1.58022E-4
update model:353.053080089
NDD time:5.186686428
NDD node:2430720
BDD node:0
reach size:1222400
property check:8.839123803
total:361.892203892
memory:3839MB
