FW:19.347186958
VxLAN:130.142751229
VC:0.008943408
VNI:174.419060644
EPG:3.668212954
GBP:0.758902578
PBR:1.29088E-4
update model:328.345327936
NDD time:4.17724128
NDD node:2544000
BDD node:0
reach size:1222400
property check:7.846526978
total:336.191854914
memory:3391MB
