FW:12.839536062
VxLAN:128.603342507
VC:0.010047519
VNI:173.19935414
EPG:2.718415172
GBP:0.672598454
PBR:8.9538E-5
update model:318.043486894
NDD time:5.176673407
NDD node:2599040
BDD node:664
reach size:1222400
property check:8.554262396
total:326.59774929
memory:3839MB
