FW:18.188561301
VxLAN:141.505207362
VC:0.008692436
VNI:193.041719479
EPG:4.356105291
GBP:0.761037029
PBR:1.12183E-4
update model:357.861553233
NDD time:5.539575831
NDD node:2693120
BDD node:664
reach size:1222400
property check:8.904784891
total:366.766338124
memory:3839MB
