FW:17.280503926
VxLAN:143.785686464
VC:0.008207756
VNI:194.134724018
EPG:4.338325494
GBP:0.787747821
PBR:1.03128E-4
update model:360.335428708
NDD time:4.686220145
NDD node:2528640
BDD node:0
reach size:1222400
property check:8.453558962
total:368.78898767
memory:3391MB
