FW:12.332880036
VxLAN:137.189256348
VC:0.009037106
VNI:183.84596238
EPG:3.026108165
GBP:0.713601593
PBR:1.00334E-4
update model:337.117055485
NDD time:5.36958023
NDD node:2423680
BDD node:664
reach size:1222400
property check:9.006082781
total:346.123138266
memory:3839MB
