FW:18.648123105
VxLAN:133.238995669
VC:0.010169491
VNI:175.793565546
EPG:3.568818315
GBP:0.763409925
PBR:1.35724E-4
update model:332.023359795
NDD time:4.973318654
NDD node:2496000
BDD node:0
reach size:1222400
property check:8.899592504
total:340.922952299
memory:3839MB
