FW:17.009759935
VxLAN:132.447539584
VC:0.008004761
VNI:166.899197706
EPG:3.22139258
GBP:0.688777629
PBR:1.14308E-4
update model:320.274918462
NDD time:4.076783162
NDD node:2625920
BDD node:0
reach size:1222400
property check:7.559207848
total:327.83412631
memory:3391MB
