FW:16.820638939
VxLAN:125.667683371
VC:0.007943859
VNI:178.553652832
EPG:3.342782822
GBP:0.653246855
PBR:1.06669E-4
update model:325.046175256
NDD time:4.275617335
NDD node:2625920
BDD node:0
reach size:1222400
property check:7.647640968
total:332.693816224
memory:3391MB
