FW:18.124444282
VxLAN:125.153744446
VC:0.008951674
VNI:192.618724776
EPG:3.532926869
GBP:0.672837079
PBR:9.6872E-5
update model:340.111838257
NDD time:4.537987508
NDD node:2532480
BDD node:0
reach size:1222400
property check:8.338010003
total:348.44984826
memory:3391MB
