FW:17.798425028
VxLAN:132.147521464
VC:0.009092907
VNI:174.088106948
EPG:3.352229856
GBP:0.650927033
PBR:1.05514E-4
update model:328.046633733
NDD time:5.461488001
NDD node:2396800
BDD node:0
reach size:1222400
property check:9.385190431
total:337.431824164
memory:3839MB
