FW:16.787767534
VxLAN:132.824844857
VC:0.015257053
VNI:167.549297842
EPG:3.478113997
GBP:0.696926878
PBR:1.01609E-4
update model:321.35242474
NDD time:4.235260237
NDD node:2544000
BDD node:0
reach size:1222400
property check:7.728457939
total:329.080882679
memory:3391MB
