FW:14.485961084
VxLAN:130.471328241
VC:0.009812723
VNI:176.091212702
EPG:3.376104919
GBP:0.792878686
PBR:1.33369E-4
update model:325.227606653
NDD time:5.241087221
NDD node:2425600
BDD node:0
reach size:1222400
property check:9.20186012
total:334.429466773
memory:3839MB
