FW:16.733780735
VxLAN:142.303464714
VC:0.008606199
VNI:180.706402453
EPG:3.600658032
GBP:0.760988143
PBR:9.471E-5
update model:344.114108115
NDD time:5.448015946
NDD node:2506240
BDD node:664
reach size:1222400
property check:8.816888164
total:352.930996279
memory:3839MB
