FW:19.071186273
VxLAN:142.277853662
VC:0.011723827
VNI:178.936376731
EPG:3.384611481
GBP:0.672291291
PBR:9.8856E-5
update model:344.354250264
NDD time:3.886049714
NDD node:2504960
BDD node:664
reach size:1222400
property check:7.206822858
total:351.561073122
memory:3839MB
