FW:13.664750577
VxLAN:132.020794205
VC:0.009842131
VNI:177.638964546
EPG:2.841050599
GBP:0.649393243
PBR:1.04781E-4
update model:326.825024999
NDD time:5.232237533
NDD node:2524800
BDD node:664
reach size:1222400
property check:8.780936035
total:335.605961034
memory:3839MB
