FW:17.385138264
VxLAN:137.010596521
VC:0.015935306
VNI:171.793346624
EPG:3.450229824
GBP:0.640829123
PBR:1.49126E-4
update model:330.296345305
NDD time:4.954731893
NDD node:2584960
BDD node:0
reach size:1222400
property check:8.282949919
total:338.579295224
memory:3391MB
