FW:14.338955817
VxLAN:142.377108172
VC:0.009267317
VNI:179.449223149
EPG:2.79318815
GBP:0.634100666
PBR:9.8474E-5
update model:339.602052902
NDD time:4.952865049
NDD node:2447360
BDD node:664
reach size:1222400
property check:8.598316946
total:348.200369848
memory:3839MB
