FW:17.781407414
VxLAN:141.429702668
VC:0.009212183
VNI:184.080500736
EPG:3.110965252
GBP:0.689564814
PBR:1.03146E-4
update model:347.101593333
NDD time:5.366297321
NDD node:2519040
BDD node:664
reach size:1222400
property check:8.722625431
total:355.824218764
memory:3839MB
