FW:17.721275946
VxLAN:141.240273296
VC:0.008719853
VNI:180.3069251
EPG:3.129676185
GBP:0.658901005
PBR:9.3421E-5
update model:343.066004932
NDD time:6.642531466
NDD node:2497920
BDD node:664
reach size:1222400
property check:10.041321973
total:353.107326905
memory:3839MB
