FW:17.580654125
VxLAN:133.995581552
VC:0.009123355
VNI:174.111078771
EPG:3.892790032
GBP:0.695189471
PBR:1.06404E-4
update model:330.284639481
NDD time:4.29153778
NDD node:2533760
BDD node:0
reach size:1222400
property check:7.970005629
total:338.25464511
memory:3391MB
