FW:18.546491321
VxLAN:146.023643627
VC:0.010035317
VNI:193.530340541
EPG:4.195103356
GBP:0.758978195
PBR:1.19317E-4
update model:363.064840092
NDD time:5.465499475
NDD node:2578560
BDD node:0
reach size:1222400
property check:9.237951406
total:372.302791498
memory:3391MB
