FW:21.11321051
VxLAN:136.965000082
VC:0.009071616
VNI:182.901065913
EPG:3.386672587
GBP:0.628173837
PBR:9.7833E-5
update model:345.003406184
NDD time:6.715236915
NDD node:2548480
BDD node:0
reach size:1222400
property check:10.288511923
total:355.291918107
memory:3839MB
