FW:17.920698356
VxLAN:141.588257475
VC:0.009417664
VNI:190.239553205
EPG:3.358442292
GBP:0.710828893
PBR:9.5121E-5
update model:353.827427817
NDD time:4.769033899
NDD node:2442880
BDD node:0
reach size:1222400
property check:8.664012006
total:362.491439823
memory:3839MB
