FW:13.564217462
VxLAN:140.690079301
VC:0.015010197
VNI:180.842328573
EPG:2.767686417
GBP:0.668337637
PBR:2.04229E-4
update model:338.54798907
NDD time:4.632793962
NDD node:2445440
BDD node:0
reach size:1222400
property check:8.016375431
total:346.564364501
memory:3839MB
