FW:19.4889762
VxLAN:145.079897165
VC:0.011474918
VNI:189.876285272
EPG:3.166999831
GBP:0.6987146
PBR:1.18494E-4
update model:358.322575806
NDD time:5.739430093
NDD node:2524800
BDD node:664
reach size:1222400
property check:10.127154881
total:368.449730687
memory:3839MB
