FW:12.660869147
VxLAN:130.065699092
VC:0.009035125
VNI:176.797628307
EPG:3.246113872
GBP:0.779448973
PBR:1.05157E-4
update model:323.559058888
NDD time:5.517467721
NDD node:2575360
BDD node:664
reach size:1222400
property check:9.181289984
total:332.740348872
memory:3839MB
