FW:17.934507603
VxLAN:151.349839654
VC:0.019971903
VNI:204.666575124
EPG:3.531261287
GBP:0.695333381
PBR:9.8112E-5
update model:378.197701027
NDD time:3.746957877
NDD node:2552320
BDD node:0
reach size:1222400
property check:7.224577956
total:385.422278983
memory:3391MB
