FW:16.916730584
VxLAN:127.535456694
VC:0.009228981
VNI:161.548678161
EPG:4.254553157
GBP:0.615496321
PBR:9.242E-5
update model:310.880338595
NDD time:3.864494583
NDD node:2506240
BDD node:664
reach size:1222400
property check:7.19812464
total:318.078463235
memory:3839MB
