FW:8.650020212
VxLAN:40.655264917
VC:0.009447393
VNI:50.337813729
EPG:1.726393963
GBP:0.637891622
PBR:1.08797E-4
update model:102.017079365
NDD time:3.374681117
NDD node:1497600
BDD node:0
reach size:611200
property check:5.313692124
total:107.330771489
memory:2328MB
