FW:16.393765284
VxLAN:127.422515096
VC:0.008670368
VNI:177.740604163
EPG:3.404176553
GBP:0.692223209
PBR:1.05512E-4
update model:325.662184031
NDD time:4.231727476
NDD node:2624640
BDD node:0
reach size:1222400
property check:7.528428526
total:333.190612557
memory:3391MB
