FW:19.668417391
VxLAN:142.27093006
VC:0.008257698
VNI:184.185595
EPG:3.926272606
GBP:0.657160531
PBR:9.9099E-5
update model:350.716857496
NDD time:4.442565734
NDD node:2514560
BDD node:0
reach size:1222400
property check:8.232733018
total:358.949590514
memory:3391MB
