FW:17.878064724
VxLAN:129.932936355
VC:0.020575689
VNI:176.357812125
EPG:3.5215413
GBP:0.726875441
PBR:1.02754E-4
update model:328.438027737
NDD time:3.977814942
NDD node:2624640
BDD node:0
reach size:1222400
property check:7.27054675
total:335.708574487
memory:3391MB
