FW:13.533995059
VxLAN:140.061090826
VC:0.008993554
VNI:177.167557141
EPG:3.20833225
GBP:0.683632344
PBR:9.6629E-5
update model:334.663796952
NDD time:4.847851122
NDD node:2693120
BDD node:664
reach size:1222400
property check:7.928737148
total:342.5925341
memory:3839MB
