FW:19.164312194
VxLAN:137.254942581
VC:0.009154358
VNI:166.108445557
EPG:2.878356403
GBP:0.673313727
PBR:8.6963E-5
update model:326.088706425
NDD time:4.779320779
NDD node:2517760
BDD node:0
reach size:1222400
property check:9.373310553
total:335.462016978
memory:3839MB
