FW:17.148716614
VxLAN:129.081034706
VC:0.009313131
VNI:176.65103413
EPG:3.872583089
GBP:0.786767091
PBR:1.38355E-4
update model:327.549719505
NDD time:3.927739825
NDD node:2598400
BDD node:0
reach size:1222400
property check:7.329749722
total:334.879469227
memory:3391MB
