FW:17.850782119
VxLAN:127.525255258
VC:0.008914442
VNI:175.665902154
EPG:3.556646025
GBP:0.657259575
PBR:1.1074E-4
update model:325.264977111
NDD time:3.831164925
NDD node:2528640
BDD node:0
reach size:1222400
property check:7.646508661
total:332.911485772
memory:3391MB
