FW:18.24014576
VxLAN:136.889711679
VC:0.008952928
VNI:186.111624498
EPG:4.205193815
GBP:0.844347854
PBR:1.00652E-4
update model:346.300197818
NDD time:6.277297414
NDD node:2602240
BDD node:664
reach size:1222400
property check:10.336237799
total:356.636435617
memory:3839MB
