FW:16.340316971
VxLAN:132.185137657
VC:0.009589564
VNI:196.805935887
EPG:3.114915943
GBP:0.694779876
PBR:1.2569E-4
update model:349.151005215
NDD time:5.081954453
NDD node:2524160
BDD node:664
reach size:1222400
property check:8.473250441
total:357.624255656
memory:3839MB
