FW:16.360304284
VxLAN:123.566884657
VC:0.016353236
VNI:159.92703999
EPG:3.524160174
GBP:0.652862461
PBR:1.15726E-4
update model:304.047825767
NDD time:4.057775857
NDD node:2468480
BDD node:0
reach size:1222400
property check:7.550152318
total:311.597978085
memory:3391MB
