FW:17.24410394
VxLAN:131.647258816
VC:0.009098107
VNI:183.000499187
EPG:3.028145045
GBP:0.682361597
PBR:1.0388E-4
update model:335.611696895
NDD time:5.092140166
NDD node:2519680
BDD node:0
reach size:1222400
property check:8.69825221
total:344.309949105
memory:3839MB
