FW:19.29760497
VxLAN:146.078076164
VC:0.014978471
VNI:193.166242071
EPG:3.667179789
GBP:0.693986765
PBR:1.18616E-4
update model:362.918296742
NDD time:5.034583088
NDD node:2454400
BDD node:0
reach size:1222400
property check:8.64235421
total:371.560650952
memory:3839MB
