FW:18.034371836
VxLAN:133.667600724
VC:0.008652692
VNI:199.468070185
EPG:4.060584631
GBP:0.714193601
PBR:2.2567E-4
update model:355.953833874
NDD time:4.704290792
NDD node:2593920
BDD node:0
reach size:1222400
property check:8.575140131
total:364.528974005
memory:3391MB
