FW:17.062515183
VxLAN:129.859079988
VC:0.010411284
VNI:174.104104914
EPG:3.408436887
GBP:0.672534091
PBR:1.00356E-4
update model:325.117299261
NDD time:3.985741851
NDD node:2624640
BDD node:0
reach size:1222400
property check:7.472565565
total:332.589864826
memory:3391MB
