FW:16.136231695
VxLAN:125.613650489
VC:0.008173349
VNI:175.820037075
EPG:3.734042163
GBP:0.843583752
PBR:1.04255E-4
update model:322.155927566
NDD time:5.774201712
NDD node:2623360
BDD node:664
reach size:1222400
property check:9.21558276
total:331.371510326
memory:3839MB
