FW:17.553360458
VxLAN:123.577141182
VC:0.008148029
VNI:157.577044013
EPG:3.226543175
GBP:0.641891299
PBR:9.391E-5
update model:302.584321995
NDD time:4.676011899
NDD node:2535040
BDD node:0
reach size:1222400
property check:8.040251412
total:310.624573407
memory:3391MB
