FW:17.393590176
VxLAN:144.952685173
VC:0.026072909
VNI:192.442279752
EPG:3.911614124
GBP:0.798287331
PBR:1.19264E-4
update model:359.524790993
NDD time:4.732228718
NDD node:2625920
BDD node:0
reach size:1222400
property check:8.411317145
total:367.936108138
memory:3391MB
