FW:17.247815197
VxLAN:134.600098862
VC:0.009774352
VNI:181.361801346
EPG:3.09273926
GBP:0.712477607
PBR:9.0376E-5
update model:337.024900313
NDD time:5.612418194
NDD node:2624640
BDD node:664
reach size:1222400
property check:8.960893158
total:345.985793471
memory:3839MB
