FW:18.236176141
VxLAN:146.325138064
VC:0.009041269
VNI:203.782345591
EPG:3.177825846
GBP:0.636645295
PBR:1.04683E-4
update model:372.167399844
NDD time:6.241299586
NDD node:2419200
BDD node:0
reach size:1222400
property check:10.770915564
total:382.938315408
memory:3839MB
