FW:17.639353742
VxLAN:138.609390523
VC:0.016411557
VNI:174.350426071
EPG:3.368383522
GBP:0.654162196
PBR:1.42139E-4
update model:334.638378359
NDD time:3.929985672
NDD node:2624640
BDD node:0
reach size:1222400
property check:7.192326931
total:341.83070529
memory:3391MB
