FW:17.357212701
VxLAN:130.335514617
VC:0.008563185
VNI:184.983770252
EPG:4.140407765
GBP:0.817820324
PBR:1.24765E-4
update model:337.643557628
NDD time:4.151588363
NDD node:2625920
BDD node:0
reach size:1222400
property check:7.544966822
total:345.18852445
memory:3391MB
