FW:15.443142236
VxLAN:139.87962088
VC:0.009198159
VNI:171.592309383
EPG:4.259527429
GBP:0.729196626
PBR:9.608E-5
update model:331.913187788
NDD time:5.05220739
NDD node:2452480
BDD node:664
reach size:1222400
property check:8.683171453
total:340.596359241
memory:3839MB
