FW:18.172505963
VxLAN:133.99941189
VC:0.008628651
VNI:163.095179
EPG:2.836954678
GBP:0.642578478
PBR:9.4536E-5
update model:318.755461887
NDD time:5.093627622
NDD node:2648320
BDD node:664
reach size:1222400
property check:8.388372759
total:327.143834646
memory:3839MB
