FW:17.161077285
VxLAN:149.451662255
VC:0.011885767
VNI:200.846801432
EPG:4.386362741
GBP:0.75734115
PBR:1.06855E-4
update model:372.615390416
NDD time:6.070994282
NDD node:2653440
BDD node:0
reach size:1222400
property check:9.718449587
total:382.333840003
memory:3391MB
