FW:19.202274419
VxLAN:145.846482914
VC:0.009720938
VNI:206.76994726
EPG:3.970966809
GBP:0.686655658
PBR:9.8059E-5
update model:376.486291236
NDD time:4.743726636
NDD node:2552320
BDD node:0
reach size:1222400
property check:8.483602802
total:384.969894038
memory:3391MB
