FW:16.430989616
VxLAN:140.169414481
VC:0.008436645
VNI:191.732884121
EPG:3.861494876
GBP:0.689670538
PBR:1.00554E-4
update model:352.893119988
NDD time:4.11887558
NDD node:2592640
BDD node:0
reach size:1222400
property check:7.583150515
total:360.476270503
memory:3391MB
