FW:17.468681476
VxLAN:145.468294684
VC:0.011467942
VNI:182.62669456
EPG:3.127789317
GBP:0.964334237
PBR:1.00892E-4
update model:349.667498087
NDD time:4.671052551
NDD node:2549120
BDD node:664
reach size:1222400
property check:8.266991001
total:357.934489088
memory:3839MB
