FW:10.110445707
VxLAN:76.484771477
VC:0.004914657
VNI:64.838663067
EPG:1.901146684
GBP:0.188499633
PBR:9.6413E-5
update model:153.528639992
reach size:924000
property check:4.315111442
total:157.843751434
memory:2543MB
