FW:17.907154538
VxLAN:139.152222186
VC:0.012154808
VNI:181.455430085
EPG:3.549064224
GBP:0.663377056
PBR:9.7034E-5
update model:342.739618125
NDD time:3.789037434
NDD node:2514560
BDD node:0
reach size:1222400
property check:7.101584831
total:349.841202956
memory:3391MB
