FW:16.264236421
VxLAN:128.385463395
VC:0.009834978
VNI:162.52602129
EPG:2.85449155
GBP:0.688649004
PBR:9.6779E-5
update model:310.728904259
NDD time:3.868942763
NDD node:2598400
BDD node:664
reach size:1222400
property check:7.008965043
total:317.737869302
memory:3839MB
