FW:17.929796684
VxLAN:144.205689563
VC:0.008629548
VNI:178.447389604
EPG:3.677715499
GBP:0.685420229
PBR:1.01355E-4
update model:344.954867837
NDD time:4.126068435
NDD node:2528640
BDD node:0
reach size:1222400
property check:7.789077852
total:352.743945689
memory:3391MB
