FW:19.185967409
VxLAN:131.541454435
VC:0.008445521
VNI:178.954534735
EPG:3.236808365
GBP:0.732089373
PBR:1.10723E-4
update model:333.659529684
NDD time:3.811889356
NDD node:2440960
BDD node:664
reach size:1222400
property check:7.687442446
total:341.34697213
memory:3839MB
