FW:19.004575435
VxLAN:130.930486618
VC:0.008152528
VNI:172.436224159
EPG:3.389752949
GBP:0.665902271
PBR:1.04461E-4
update model:326.435312704
NDD time:3.926192784
NDD node:2598400
BDD node:0
reach size:1222400
property check:7.173150649
total:333.608463353
memory:3391MB
