FW:17.839987257
VxLAN:141.334306237
VC:0.008626731
VNI:179.106619481
EPG:3.277373639
GBP:0.671120372
PBR:9.6171E-5
update model:342.238250387
NDD time:3.844592846
NDD node:2515840
BDD node:0
reach size:1222400
property check:7.094022529
total:349.332272916
memory:3391MB
