FW:19.539436101
VxLAN:133.860408749
VC:0.008101209
VNI:174.873552697
EPG:4.056711691
GBP:0.665168122
PBR:9.696E-5
update model:333.003599126
NDD time:5.558294546
NDD node:2631040
BDD node:0
reach size:1222400
property check:9.585399994
total:342.58899912
memory:3391MB
