FW:17.143409711
VxLAN:143.798812264
VC:0.013268727
VNI:183.796852681
EPG:3.068464725
GBP:0.641051608
PBR:9.3979E-5
update model:348.462055655
NDD time:5.207842762
NDD node:2548480
BDD node:664
reach size:1222400
property check:8.443231954
total:356.905287609
memory:3839MB
