FW:19.774629347
VxLAN:140.477555197
VC:0.009047811
VNI:181.142295622
EPG:3.044108675
GBP:0.623001523
PBR:1.34997E-4
update model:345.070902508
NDD time:6.612450329
NDD node:2570240
BDD node:664
reach size:1222400
property check:10.067297677
total:355.138200185
memory:3839MB
