FW:17.870667581
VxLAN:141.050928615
VC:0.016508959
VNI:181.935026365
EPG:3.461641544
GBP:0.692510285
PBR:1.17326E-4
update model:345.027525897
NDD time:3.905086714
NDD node:2560640
BDD node:0
reach size:1222400
property check:7.158974981
total:352.186500878
memory:3391MB
