FW:18.227522225
VxLAN:140.552548654
VC:0.014031238
VNI:176.26550931
EPG:3.784826339
GBP:0.669332348
PBR:2.19066E-4
update model:339.514117406
NDD time:5.563584074
NDD node:2621440
BDD node:0
reach size:1222400
property check:9.04347918
total:348.557596586
memory:3391MB
