FW:12.622426088
VxLAN:129.624903369
VC:0.009382985
VNI:167.136464704
EPG:2.743312301
GBP:0.624859122
PBR:1.10906E-4
update model:312.761588391
NDD time:4.665139998
NDD node:2447360
BDD node:664
reach size:1222400
property check:8.201581253
total:320.963169644
memory:3839MB
