FW:12.950270791
VxLAN:129.753022729
VC:0.009248508
VNI:174.077530817
EPG:2.984155642
GBP:0.76117086
PBR:1.00771E-4
update model:320.535598242
NDD time:5.444797423
NDD node:2669440
BDD node:664
reach size:1222400
property check:9.025263805
total:329.560862047
memory:3839MB
