FW:13.414271928
VxLAN:129.21302438
VC:0.011450629
VNI:177.050513451
EPG:2.897419873
GBP:0.689717753
PBR:9.8925E-5
update model:323.276604493
NDD time:5.201346052
NDD node:2572800
BDD node:0
reach size:1222400
property check:8.979294819
total:332.255899312
memory:3839MB
