FW:18.315306357
VxLAN:139.084316674
VC:0.00851573
VNI:179.392504155
EPG:3.77855904
GBP:0.703260145
PBR:1.63549E-4
update model:341.282762075
NDD time:5.73044491
NDD node:2552960
BDD node:0
reach size:1222400
property check:9.462978396
total:350.745740471
memory:3391MB
