FW:13.399544901
VxLAN:130.389911296
VC:0.01000271
VNI:173.530770107
EPG:3.037190601
GBP:0.751558773
PBR:1.37617E-4
update model:321.119232357
NDD time:5.74672512
NDD node:2524160
BDD node:664
reach size:1222400
property check:9.744326015
total:330.863558372
memory:3839MB
