FW:17.857465049
VxLAN:143.459995782
VC:0.009137373
VNI:181.988674225
EPG:3.586759988
GBP:0.661671132
PBR:9.9222E-5
update model:347.563913815
NDD time:4.886676248
NDD node:2488960
BDD node:0
reach size:1222400
property check:8.148261406
total:355.712175221
memory:3391MB
