FW:18.502468786
VxLAN:141.125098383
VC:0.010045377
VNI:177.807593901
EPG:3.48121871
GBP:0.645152872
PBR:9.1413E-5
update model:341.571778407
NDD time:4.839079348
NDD node:2442880
BDD node:0
reach size:1222400
property check:8.332559887
total:349.904338294
memory:3391MB
