FW:17.136405739
VxLAN:147.432240507
VC:0.015567671
VNI:182.168817302
EPG:3.488256741
GBP:0.658372592
PBR:9.3174E-5
update model:350.899880878
NDD time:5.363368125
NDD node:2548480
BDD node:0
reach size:1222400
property check:8.740947605
total:359.640828483
memory:3391MB
