FW:16.687481325
VxLAN:140.698103527
VC:0.008241829
VNI:186.490782406
EPG:3.525023432
GBP:0.669832632
PBR:1.01825E-4
update model:348.079697771
NDD time:4.807439509
NDD node:2535040
BDD node:0
reach size:1222400
property check:8.121875359
total:356.20157313
memory:3391MB
