FW:14.487082746
VxLAN:141.695591142
VC:0.009439487
VNI:185.97746611
EPG:3.169662678
GBP:0.714900345
PBR:8.8734E-5
update model:346.054345134
NDD time:5.866042377
NDD node:2549120
BDD node:664
reach size:1222400
property check:9.337628051
total:355.391973185
memory:3839MB
