FW:11.991735413
VxLAN:137.754359352
VC:0.009564276
VNI:182.862346594
EPG:2.847146731
GBP:0.652310788
PBR:9.5643E-5
update model:336.117691911
NDD time:4.988196366
NDD node:2469120
BDD node:0
reach size:1222400
property check:8.286428862
total:344.404120773
memory:3839MB
