FW:21.566147246
VxLAN:147.935668991
VC:0.015591332
VNI:182.001624578
EPG:4.210842685
GBP:0.743235146
PBR:1.00019E-4
update model:356.473340722
NDD time:4.461704677
NDD node:2511360
BDD node:0
reach size:1222400
property check:8.311852699
total:364.785193421
memory:3391MB
