FW:4.145266852
VxLAN:11.858043845
VC:0.021565989
VNI:11.097767076
EPG:0.605658393
GBP:0.652373559
PBR:9.2476E-5
update model:28.380871165
NDD time:2.497448703
NDD node:806400
BDD node:0
reach size:244480
property check:3.551680905
total:31.93255207
memory:1669MB
