FW:16.587037729
VxLAN:132.03673212
VC:0.011772961
VNI:167.125580228
EPG:3.386398621
GBP:0.677692021
PBR:1.07016E-4
update model:319.825434094
NDD time:3.936854305
NDD node:2528640
BDD node:0
reach size:1222400
property check:7.417893864
total:327.243327958
memory:3391MB
