FW:19.026626584
VxLAN:141.39716728
VC:0.009671484
VNI:181.056927082
EPG:3.315467185
GBP:0.681698857
PBR:1.02805E-4
update model:345.487798804
NDD time:3.959421961
NDD node:2593920
BDD node:0
reach size:1222400
property check:7.261319565
total:352.749118369
memory:3391MB
