FW:14.236916137
VxLAN:140.584522894
VC:0.00872868
VNI:187.976836506
EPG:2.836498054
GBP:0.63750741
PBR:9.5732E-5
update model:346.281230817
NDD time:4.891633665
NDD node:2449280
BDD node:0
reach size:1222400
property check:9.912162246
total:356.193393063
memory:3839MB
