FW:18.263750596
VxLAN:131.004788314
VC:0.007981057
VNI:174.693242668
EPG:3.90382787
GBP:0.657512309
PBR:1.16455E-4
update model:328.531356162
NDD time:3.90020911
NDD node:2482560
BDD node:0
reach size:1222400
property check:7.632677995
total:336.164034157
memory:3391MB
