FW:16.570456651
VxLAN:135.164235822
VC:0.009646781
VNI:171.551622743
EPG:3.135756261
GBP:0.687130453
PBR:1.01583E-4
update model:327.119077091
NDD time:4.562530363
NDD node:2493440
BDD node:664
reach size:1222400
property check:8.28842142
total:335.407498511
memory:3839MB
