FW:17.85915637
VxLAN:133.640492993
VC:0.008145323
VNI:183.106766856
EPG:3.86075697
GBP:0.706116932
PBR:1.21274E-4
update model:339.181677403
NDD time:5.041220981
NDD node:2442880
BDD node:0
reach size:1222400
property check:9.120281857
total:348.30195926
memory:3391MB
