FW:17.041119743
VxLAN:129.854277611
VC:0.008754287
VNI:174.149668497
EPG:4.45393033
GBP:0.67758509
PBR:1.02692E-4
update model:326.185556888
NDD time:4.060205808
NDD node:2440960
BDD node:664
reach size:1222400
property check:7.714048799
total:333.899605687
memory:3839MB
