FW:17.406663792
VxLAN:141.9122988
VC:0.011783922
VNI:182.199509513
EPG:2.727406803
GBP:0.699008258
PBR:1.00107E-4
update model:344.956876641
NDD time:3.793782734
NDD node:2624640
BDD node:664
reach size:1222400
property check:6.881872209
total:351.83874885
memory:3839MB
