FW:13.754621816
VxLAN:137.831422262
VC:0.008314791
VNI:165.557268764
EPG:2.657024055
GBP:0.681291119
PBR:8.6416E-5
update model:320.490126481
NDD time:4.939961784
NDD node:2517760
BDD node:0
reach size:1222400
property check:8.326161423
total:328.816287904
memory:3839MB
