FW:12.911190103
VxLAN:126.82653555
VC:0.008400334
VNI:172.84909394
EPG:3.220977701
GBP:1.023102116
PBR:1.26213E-4
update model:316.839563693
NDD time:5.1622914
NDD node:2423040
BDD node:0
reach size:1222400
property check:8.915766226
total:325.755329919
memory:3839MB
