FW:17.176509568
VxLAN:124.746171323
VC:0.01408512
VNI:170.434094767
EPG:3.279946542
GBP:0.65954522
PBR:1.05354E-4
update model:316.310580645
NDD time:3.492496054
NDD node:2512000
BDD node:0
reach size:1222400
property check:6.890919142
total:323.201499787
memory:3391MB
