FW:17.381025302
VxLAN:132.338262404
VC:0.008350325
VNI:173.877982758
EPG:3.471931528
GBP:0.650513668
PBR:1.07702E-4
update model:327.728294637
NDD time:3.668435771
NDD node:2419200
BDD node:0
reach size:1222400
property check:7.187236126
total:334.915530763
memory:3391MB
