FW:18.750943251
VxLAN:132.831163499
VC:0.010173578
VNI:170.505199542
EPG:4.168954586
GBP:0.752400483
PBR:1.03397E-4
update model:327.019055603
NDD time:5.831246805
NDD node:2570880
BDD node:0
reach size:1222400
property check:9.7482932
total:336.767348803
memory:3391MB
