FW:13.367830001
VxLAN:142.556931931
VC:0.009211743
VNI:197.867792795
EPG:3.060782628
GBP:0.712797956
PBR:9.8379E-5
update model:357.575550043
NDD time:5.653028225
NDD node:2642560
BDD node:0
reach size:1222400
property check:9.096528968
total:366.672079011
memory:3839MB
