FW:19.580937014
VxLAN:132.621583146
VC:0.008567624
VNI:171.775849839
EPG:3.172646646
GBP:0.858410018
PBR:1.48869E-4
update model:328.0182951
NDD time:5.088441295
NDD node:2575360
BDD node:664
reach size:1222400
property check:9.047198832
total:337.065493932
memory:3839MB
