FW:18.446876222
VxLAN:149.711986227
VC:0.008070962
VNI:189.931412805
EPG:3.770528171
GBP:0.742820606
PBR:1.23043E-4
update model:362.611934558
NDD time:4.583257511
NDD node:2552320
BDD node:0
reach size:1222400
property check:8.422720058
total:371.034654616
memory:3391MB
