FW:18.929097632
VxLAN:137.687993651
VC:0.007742897
VNI:168.75269085
EPG:3.932830463
GBP:0.725513485
PBR:9.4562E-5
update model:330.036086282
NDD time:4.282493202
NDD node:2598400
BDD node:664
reach size:1222400
property check:7.830123159
total:337.866209441
memory:3839MB
