FW:18.351740528
VxLAN:130.225423382
VC:0.014607681
VNI:170.719371322
EPG:4.537140641
GBP:0.764149185
PBR:1.40456E-4
update model:324.612704165
NDD time:5.481928835
NDD node:2649600
BDD node:0
reach size:1222400
property check:9.117562368
total:333.730266533
memory:3391MB
