FW:17.544457047
VxLAN:130.627576196
VC:0.008333595
VNI:175.351378462
EPG:3.510210746
GBP:0.663834737
PBR:1.20339E-4
update model:327.706031995
NDD time:4.070876065
NDD node:2561920
BDD node:0
reach size:1222400
property check:7.722266463
total:335.428298458
memory:3391MB
