FW:19.790437623
VxLAN:145.940016055
VC:0.008255544
VNI:182.286060237
EPG:3.470557136
GBP:0.638228014
PBR:9.2427E-5
update model:352.133764888
NDD time:5.582641965
NDD node:2561280
BDD node:0
reach size:1222400
property check:9.250805432
total:361.38457032
memory:3391MB
