FW:17.227315573
VxLAN:134.636679633
VC:0.009182254
VNI:178.547047924
EPG:3.75611341
GBP:0.702467911
PBR:1.1284E-4
update model:334.879046555
NDD time:3.985978507
NDD node:2625920
BDD node:0
reach size:1222400
property check:7.283933578
total:342.162980133
memory:3391MB
