FW:16.499868331
VxLAN:132.594737637
VC:0.008605274
VNI:178.781764648
EPG:3.047260957
GBP:0.737302176
PBR:9.3822E-5
update model:331.669743386
NDD time:4.875235971
NDD node:2474240
BDD node:0
reach size:1222400
property check:9.769154603
total:341.438897989
memory:3839MB
