FW:18.700592426
VxLAN:135.822050723
VC:0.009107497
VNI:174.275809709
EPG:3.556568288
GBP:0.675633246
PBR:1.12309E-4
update model:333.040001642
NDD time:3.541921023
NDD node:2528640
BDD node:0
reach size:1222400
property check:6.89579417
total:339.935795812
memory:3391MB
