FW:15.483129271
VxLAN:129.000138492
VC:0.009503628
VNI:178.347395623
EPG:3.683302677
GBP:0.804579195
PBR:1.21981E-4
update model:327.328291033
NDD time:6.402807365
NDD node:2548480
BDD node:0
reach size:1222400
property check:10.735512926
total:338.063803959
memory:3839MB
