FW:18.042747209
VxLAN:134.367408184
VC:0.019165128
VNI:181.699313214
EPG:3.653793676
GBP:0.649975435
PBR:1.05811E-4
update model:338.43263888
NDD time:4.004405059
NDD node:2592640
BDD node:0
reach size:1222400
property check:7.551210623
total:345.983849503
memory:3391MB
