FW:18.099779719
VxLAN:144.744420685
VC:0.008985643
VNI:193.452264409
EPG:3.681083903
GBP:0.695696445
PBR:1.07712E-4
update model:360.682475534
NDD time:4.419922105
NDD node:2625920
BDD node:0
reach size:1222400
property check:7.854532791
total:368.537008325
memory:3391MB
