FW:13.086456806
VxLAN:142.115306864
VC:0.009056532
VNI:170.917166549
EPG:3.072420225
GBP:0.653763413
PBR:9.6826E-5
update model:329.854390676
NDD time:5.046807495
NDD node:2548480
BDD node:664
reach size:1222400
property check:8.317687315
total:338.172077991
memory:3839MB
