FW:6.891496886
VxLAN:1.111713144
VC:0.064893571
VNI:1.515204086
EPG:1.448826188
GBP:5.033988493
PBR:1.0937E-4
update model:17.627141235
reach size:12224
property check:1.671352537
total:19.298493772
memory:1386MB
