FW:8.31294548
VxLAN:7.987334682
VC:0.350872122
VNI:1.631553174
